3000.000 28.301 21.713 0 0
4000.000 60.274 22.084 0 1
3000.000 92.368 21.830 0 2
4000.000 123.773 22.547 0 3
3000.000 156.894 21.866 0 4
4000.000 188.524 21.710 0 5
3000.000 221.807 21.444 0 6
4000.000 253.564 21.840 0 7
3000.000 286.051 21.831 0 8
4000.000 317.485 21.779 0 9
3000.000 350.116 22.000 0 10
4000.000 382.217 21.917 0 11
3000.000 415.159 22.053 0 12
4000.000 447.065 21.895 0 13
3000.000 478.583 22.180 0 14
4000.000 511.314 22.346 0 15
3000.000 543.638 21.435 0 16
4000.000 575.610 22.014 0 17
3000.000 608.535 22.310 0 18
4000.000 640.467 21.620 0 19
3000.000 672.475 22.069 0 20
4000.000 704.810 21.693 0 21
3000.000 737.041 21.699 0 22
4000.000 769.509 21.665 0 23
3000.000 801.451 21.863 0 24
4000.000 834.174 21.355 0 25
3000.000 866.152 21.613 0 26
4000.000 898.552 22.314 0 27
3000.000 930.724 21.852 0 28
4000.000 962.433 22.263 0 29
3000.000 995.028 22.563 0 30
4000.000 1027.336 22.581 0 31
3000.000 1059.434 22.498 0 32
4000.000 1091.310 22.281 0 33
3000.000 1124.166 22.966 0 34
4000.000 1156.556 22.270 0 35
3000.000 1188.306 22.355 0 36
4000.000 1220.520 22.424 0 37
3000.000 1252.698 22.553 0 38
 0.000  0.000  0.000 0 39
 0.000  0.000  0.000 0 40
 0.000  0.000  0.000 0 41
 0.000  0.000  0.000 0 42
 0.000  0.000  0.000 0 43
 0.000  0.000  0.000 0 44
4000.000 28.343 54.446 1 0
3000.000 60.272 54.288 1 1
4000.000 92.595 54.260 1 2
3000.000 124.451 54.113 1 3
4000.000 156.597 53.806 1 4
3000.000 188.878 54.607 1 5
4000.000 221.608 53.391 1 6
3000.000 253.538 54.448 1 7
4000.000 285.709 54.082 1 8
3000.000 318.470 53.693 1 9
4000.000 350.235 54.391 1 10
3000.000 382.309 54.204 1 11
4000.000 414.645 54.090 1 12
3000.000 446.535 53.908 1 13
4000.000 478.810 53.966 1 14
3000.000 510.890 54.364 1 15
4000.000 543.450 54.315 1 16
3000.000 575.966 54.489 1 17
4000.000 608.373 53.869 1 18
3000.000 639.989 54.092 1 19
4000.000 672.534 54.600 1 20
3000.000 705.263 53.441 1 21
4000.000 736.918 54.704 1 22
3000.000 769.417 54.594 1 23
4000.000 801.481 54.694 1 24
3000.000 834.322 54.121 1 25
4000.000 866.698 54.383 1 26
3000.000 898.486 54.399 1 27
4000.000 931.274 54.186 1 28
3000.000 962.782 54.723 1 29
4000.000 994.981 54.689 1 30
3000.000 1027.694 54.143 1 31
4000.000 1059.702 54.574 1 32
3000.000 1091.506 54.153 1 33
4000.000 1123.585 54.266 1 34
3000.000 1156.057 54.555 1 35
4000.000 1188.331 55.031 1 36
3000.000 1220.488 55.035 1 37
4000.000 1253.500 54.346 1 38
 0.000  0.000  0.000 1 39
 0.000  0.000  0.000 1 40
 0.000  0.000  0.000 1 41
 0.000  0.000  0.000 1 42
 0.000  0.000  0.000 1 43
 0.000  0.000  0.000 1 44
3000.000 27.779 86.400 2 0
4000.000 60.520 86.726 2 1
3000.000 92.316 86.374 2 2
4000.000 124.470 86.352 2 3
3000.000 156.272 86.597 2 4
4000.000 189.270 86.277 2 5
3000.000 221.242 86.441 2 6
4000.000 253.534 86.405 2 7
3000.000 285.472 86.390 2 8
4000.000 318.202 86.682 2 9
3000.000 349.853 86.536 2 10
4000.000 382.411 86.618 2 11
3000.000 415.068 86.629 2 12
4000.000 446.270 86.278 2 13
3000.000 479.643 86.482 2 14
4000.000 511.373 86.294 2 15
3000.000 543.131 86.258 2 16
4000.000 576.031 85.692 2 17
3000.000 607.335 86.175 2 18
4000.000 640.269 86.122 2 19
3000.000 672.346 86.413 2 20
4000.000 704.716 86.237 2 21
3000.000 736.927 86.650 2 22
4000.000 769.557 86.389 2 23
3000.000 801.425 86.632 2 24
4000.000 833.774 86.752 2 25
3000.000 866.530 86.557 2 26
4000.000 898.290 86.236 2 27
3000.000 930.435 86.503 2 28
4000.000 962.919 86.520 2 29
3000.000 994.856 86.885 2 30
4000.000 1027.316 86.478 2 31
3000.000 1059.682 86.700 2 32
4000.000 1091.560 86.423 2 33
3000.000 1123.464 86.951 2 34
4000.000 1156.201 86.472 2 35
3000.000 1188.138 86.775 2 36
4000.000 1220.463 87.326 2 37
3000.000 1253.649 86.557 2 38
 0.000  0.000  0.000 2 39
 0.000  0.000  0.000 2 40
 0.000  0.000  0.000 2 41
 0.000  0.000  0.000 2 42
 0.000  0.000  0.000 2 43
 0.000  0.000  0.000 2 44
4000.000 27.897 118.526 3 0
3000.000 59.992 118.639 3 1
4000.000 92.441 118.595 3 2
3000.000 124.651 118.696 3 3
4000.000 156.631 118.696 3 4
3000.000 189.095 118.918 3 5
4000.000 221.606 118.178 3 6
3000.000 253.343 118.248 3 7
4000.000 285.578 118.526 3 8
3000.000 317.364 118.203 3 9
4000.000 350.593 118.700 3 10
3000.000 382.242 118.407 3 11
4000.000 414.401 118.292 3 12
3000.000 446.246 118.595 3 13
4000.000 478.691 118.659 3 14
3000.000 510.991 118.389 3 15
4000.000 543.401 118.480 3 16
3000.000 575.724 118.700 3 17
4000.000 607.896 119.365 3 18
3000.000 640.203 118.485 3 19
4000.000 672.668 118.840 3 20
3000.000 704.752 118.048 3 21
4000.000 736.699 118.871 3 22
3000.000 769.188 118.588 3 23
4000.000 801.480 118.685 3 24
3000.000 833.840 118.617 3 25
4000.000 865.443 118.995 3 26
3000.000 898.304 118.782 3 27
4000.000 931.098 119.416 3 28
3000.000 962.556 118.331 3 29
4000.000 995.042 118.748 3 30
3000.000 1027.296 118.763 3 31
4000.000 1059.325 118.865 3 32
3000.000 1091.909 119.217 3 33
4000.000 1123.747 118.750 3 34
3000.000 1156.625 119.515 3 35
4000.000 1188.343 119.386 3 36
3000.000 1220.688 119.117 3 37
4000.000 1252.618 119.357 3 38
 0.000  0.000  0.000 3 39
 0.000  0.000  0.000 3 40
 0.000  0.000  0.000 3 41
 0.000  0.000  0.000 3 42
 0.000  0.000  0.000 3 43
 0.000  0.000  0.000 3 44
3000.000 27.683 151.377 4 0
4000.000 60.076 150.726 4 1
3000.000 92.737 150.425 4 2
4000.000 124.684 150.456 4 3
3000.000 156.612 150.731 4 4
4000.000 188.982 150.654 4 5
3000.000 221.343 150.541 4 6
4000.000 252.939 150.959 4 7
3000.000 285.338 151.044 4 8
4000.000 317.640 150.891 4 9
3000.000 350.134 150.525 4 10
4000.000 382.172 150.952 4 11
3000.000 414.677 150.921 4 12
4000.000 446.618 151.118 4 13
3000.000 479.350 151.595 4 14
4000.000 511.315 150.582 4 15
3000.000 543.280 150.493 4 16
4000.000 576.257 150.371 4 17
3000.000 608.122 150.834 4 18
4000.000 640.465 151.277 4 19
3000.000 672.547 150.727 4 20
4000.000 704.667 151.158 4 21
3000.000 737.389 151.289 4 22
4000.000 769.499 150.523 4 23
3000.000 801.687 150.834 4 24
4000.000 833.944 150.818 4 25
3000.000 866.451 151.112 4 26
4000.000 898.497 150.440 4 27
3000.000 930.386 151.641 4 28
4000.000 963.270 151.081 4 29
3000.000 995.396 150.696 4 30
4000.000 1027.336 151.285 4 31
3000.000 1059.457 151.548 4 32
4000.000 1091.949 151.479 4 33
3000.000 1124.526 151.197 4 34
4000.000 1155.985 151.669 4 35
3000.000 1188.763 151.689 4 36
4000.000 1220.702 151.262 4 37
3000.000 1252.508 151.329 4 38
 0.000  0.000  0.000 4 39
 0.000  0.000  0.000 4 40
 0.000  0.000  0.000 4 41
 0.000  0.000  0.000 4 42
 0.000  0.000  0.000 4 43
 0.000  0.000  0.000 4 44
4000.000 27.965 183.366 5 0
3000.000 59.903 183.054 5 1
4000.000 92.381 183.012 5 2
3000.000 124.485 183.289 5 3
4000.000 156.652 183.019 5 4
3000.000 188.737 183.137 5 5
4000.000 221.525 183.318 5 6
3000.000 253.266 183.053 5 7
4000.000 285.424 182.793 5 8
3000.000 317.866 182.547 5 9
4000.000 350.306 182.972 5 10
3000.000 382.024 182.951 5 11
4000.000 414.669 182.884 5 12
3000.000 447.109 182.726 5 13
4000.000 479.493 183.115 5 14
3000.000 511.489 183.030 5 15
4000.000 543.461 183.044 5 16
3000.000 575.878 183.234 5 17
4000.000 607.600 182.836 5 18
3000.000 640.397 183.311 5 19
4000.000 672.344 183.620 5 20
3000.000 704.256 183.151 5 21
4000.000 737.162 182.410 5 22
3000.000 769.408 183.351 5 23
4000.000 801.603 183.308 5 24
3000.000 833.717 182.917 5 25
4000.000 866.727 183.518 5 26
3000.000 898.695 183.328 5 27
4000.000 930.297 183.241 5 28
3000.000 962.651 183.068 5 29
4000.000 995.092 182.758 5 30
3000.000 1027.341 183.466 5 31
4000.000 1059.750 183.146 5 32
3000.000 1091.986 183.686 5 33
4000.000 1124.319 183.610 5 34
3000.000 1156.636 183.361 5 35
4000.000 1188.094 183.421 5 36
3000.000 1220.458 183.162 5 37
4000.000 1252.671 183.423 5 38
 0.000  0.000  0.000 5 39
 0.000  0.000  0.000 5 40
 0.000  0.000  0.000 5 41
 0.000  0.000  0.000 5 42
 0.000  0.000  0.000 5 43
 0.000  0.000  0.000 5 44
3000.000 27.562 215.401 6 0
4000.000 59.321 215.536 6 1
3000.000 92.447 215.127 6 2
4000.000 124.558 215.008 6 3
3000.000 156.704 214.998 6 4
4000.000 188.430 214.688 6 5
3000.000 221.221 215.309 6 6
4000.000 253.152 215.629 6 7
3000.000 285.412 215.754 6 8
4000.000 317.337 215.325 6 9
3000.000 349.911 215.090 6 10
4000.000 382.648 215.371 6 11
3000.000 414.447 215.496 6 12
4000.000 446.530 215.747 6 13
3000.000 478.638 215.549 6 14
4000.000 511.680 215.374 6 15
3000.000 543.192 215.638 6 16
4000.000 575.726 214.663 6 17
3000.000 608.099 215.004 6 18
4000.000 639.766 215.265 6 19
3000.000 672.373 215.329 6 20
4000.000 705.146 215.115 6 21
3000.000 736.310 215.259 6 22
4000.000 769.711 215.019 6 23
3000.000 801.302 215.634 6 24
4000.000 833.445 215.477 6 25
3000.000 866.200 215.578 6 26
4000.000 898.533 215.546 6 27
3000.000 930.422 215.177 6 28
4000.000 962.964 215.489 6 29
3000.000 995.516 215.213 6 30
4000.000 1027.576 215.304 6 31
3000.000 1059.531 215.636 6 32
4000.000 1091.907 215.264 6 33
3000.000 1124.391 215.565 6 34
4000.000 1156.203 215.657 6 35
3000.000 1188.460 215.774 6 36
4000.000 1220.381 215.582 6 37
3000.000 1252.584 215.861 6 38
 0.000  0.000  0.000 6 39
 0.000  0.000  0.000 6 40
 0.000  0.000  0.000 6 41
 0.000  0.000  0.000 6 42
 0.000  0.000  0.000 6 43
 0.000  0.000  0.000 6 44
4000.000 28.149 247.802 7 0
3000.000 59.853 247.375 7 1
4000.000 92.704 247.417 7 2
3000.000 124.287 247.505 7 3
4000.000 157.358 247.490 7 4
3000.000 188.361 247.245 7 5
4000.000 220.947 247.598 7 6
3000.000 253.064 247.509 7 7
4000.000 285.394 247.625 7 8
3000.000 317.657 247.449 7 9
4000.000 349.672 247.417 7 10
3000.000 381.697 247.375 7 11
4000.000 415.308 247.719 7 12
3000.000 446.663 247.268 7 13
4000.000 478.635 247.290 7 14
3000.000 511.202 247.374 7 15
4000.000 544.140 248.050 7 16
3000.000 575.352 247.297 7 17
4000.000 607.675 247.649 7 18
3000.000 640.242 248.144 7 19
4000.000 672.815 247.493 7 20
3000.000 704.627 247.738 7 21
4000.000 736.980 247.389 7 22
3000.000 769.536 247.272 7 23
4000.000 801.663 247.746 7 24
3000.000 833.728 247.336 7 25
4000.000 865.804 247.256 7 26
3000.000 898.646 247.557 7 27
4000.000 930.670 247.409 7 28
3000.000 962.967 247.699 7 29
4000.000 994.658 247.620 7 30
3000.000 1027.515 248.022 7 31
4000.000 1059.517 247.494 7 32
3000.000 1091.683 247.589 7 33
4000.000 1124.284 247.832 7 34
3000.000 1156.290 247.781 7 35
4000.000 1188.340 248.131 7 36
3000.000 1220.478 247.965 7 37
4000.000 1252.718 248.067 7 38
 0.000  0.000  0.000 7 39
 0.000  0.000  0.000 7 40
 0.000  0.000  0.000 7 41
 0.000  0.000  0.000 7 42
 0.000  0.000  0.000 7 43
 0.000  0.000  0.000 7 44
3000.000 27.932 279.752 8 0
4000.000 60.030 279.294 8 1
3000.000 91.794 279.677 8 2
4000.000 124.348 279.349 8 3
3000.000 156.567 279.506 8 4
4000.000 188.447 279.725 8 5
3000.000 221.166 279.417 8 6
4000.000 253.251 279.694 8 7
3000.000 284.902 280.371 8 8
4000.000 317.446 279.697 8 9
3000.000 349.406 279.797 8 10
4000.000 381.816 279.653 8 11
3000.000 414.256 279.730 8 12
4000.000 446.508 279.313 8 13
3000.000 478.320 279.349 8 14
4000.000 511.296 279.237 8 15
3000.000 543.310 279.711 8 16
4000.000 575.718 279.833 8 17
3000.000 608.229 279.398 8 18
4000.000 640.051 279.606 8 19
3000.000 672.817 279.633 8 20
4000.000 705.396 279.654 8 21
3000.000 736.952 280.546 8 22
4000.000 769.366 279.685 8 23
3000.000 801.493 279.671 8 24
4000.000 834.066 279.278 8 25
3000.000 866.614 280.184 8 26
4000.000 898.285 279.911 8 27
3000.000 930.639 279.994 8 28
4000.000 962.982 279.630 8 29
3000.000 995.025 279.810 8 30
4000.000 1027.067 279.917 8 31
3000.000 1059.444 280.392 8 32
4000.000 1091.945 280.706 8 33
3000.000 1123.950 280.000 8 34
4000.000 1156.270 279.754 8 35
3000.000 1188.362 280.179 8 36
4000.000 1220.426 280.176 8 37
3000.000 1252.188 280.372 8 38
 0.000  0.000  0.000 8 39
 0.000  0.000  0.000 8 40
 0.000  0.000  0.000 8 41
 0.000  0.000  0.000 8 42
 0.000  0.000  0.000 8 43
 0.000  0.000  0.000 8 44
4000.000 27.768 311.836 9 0
3000.000 59.976 311.966 9 1
4000.000 92.207 312.055 9 2
3000.000 124.159 311.705 9 3
4000.000 157.106 311.720 9 4
3000.000 188.691 311.758 9 5
4000.000 220.751 312.520 9 6
3000.000 253.426 312.126 9 7
4000.000 285.586 312.352 9 8
3000.000 317.993 311.764 9 9
4000.000 349.831 312.202 9 10
3000.000 382.335 311.516 9 11
4000.000 414.571 312.000 9 12
3000.000 446.147 311.804 9 13
4000.000 478.396 311.695 9 14
3000.000 510.412 311.943 9 15
4000.000 543.809 311.480 9 16
3000.000 576.034 311.949 9 17
4000.000 607.909 311.894 9 18
3000.000 640.584 312.349 9 19
4000.000 672.311 311.977 9 20
3000.000 704.299 311.775 9 21
4000.000 736.904 312.190 9 22
3000.000 769.430 312.541 9 23
4000.000 801.311 312.235 9 24
3000.000 833.497 311.966 9 25
4000.000 866.261 312.278 9 26
3000.000 898.519 311.970 9 27
4000.000 930.911 312.540 9 28
3000.000 962.500 312.656 9 29
4000.000 994.541 312.650 9 30
3000.000 1027.156 312.443 9 31
4000.000 1059.622 312.465 9 32
3000.000 1091.694 312.460 9 33
4000.000 1124.100 312.734 9 34
3000.000 1156.690 312.237 9 35
4000.000 1188.609 312.336 9 36
3000.000 1220.555 312.575 9 37
4000.000 1252.714 312.420 9 38
 0.000  0.000  0.000 9 39
 0.000  0.000  0.000 9 40
 0.000  0.000  0.000 9 41
 0.000  0.000  0.000 9 42
 0.000  0.000  0.000 9 43
 0.000  0.000  0.000 9 44
3000.000 27.603 343.773 10 0
4000.000 59.381 344.241 10 1
3000.000 91.949 344.223 10 2
4000.000 123.927 344.281 10 3
3000.000 156.218 344.320 10 4
4000.000 188.656 344.371 10 5
3000.000 220.612 344.442 10 6
4000.000 253.103 343.749 10 7
3000.000 285.340 343.821 10 8
4000.000 317.719 343.920 10 9
3000.000 349.675 344.287 10 10
4000.000 381.943 343.658 10 11
3000.000 414.560 343.550 10 12
4000.000 446.631 344.754 10 13
3000.000 478.290 344.338 10 14
4000.000 511.091 344.256 10 15
3000.000 543.456 344.633 10 16
4000.000 575.666 344.436 10 17
3000.000 608.253 344.304 10 18
4000.000 639.871 344.523 10 19
3000.000 672.236 344.605 10 20
4000.000 704.423 344.265 10 21
3000.000 737.263 344.913 10 22
4000.000 769.551 344.722 10 23
3000.000 801.611 344.319 10 24
4000.000 833.500 344.575 10 25
3000.000 866.664 344.558 10 26
4000.000 898.184 344.485 10 27
3000.000 930.510 344.268 10 28
4000.000 962.694 344.477 10 29
3000.000 994.113 344.421 10 30
4000.000 1026.901 344.713 10 31
3000.000 1059.897 344.700 10 32
4000.000 1091.413 344.726 10 33
3000.000 1124.217 344.680 10 34
4000.000 1156.336 344.629 10 35
3000.000 1188.490 344.407 10 36
4000.000 1220.721 344.679 10 37
3000.000 1252.496 344.664 10 38
 0.000  0.000  0.000 10 39
 0.000  0.000  0.000 10 40
 0.000  0.000  0.000 10 41
 0.000  0.000  0.000 10 42
 0.000  0.000  0.000 10 43
 0.000  0.000  0.000 10 44
4000.000 27.716 376.887 11 0
3000.000 60.607 376.268 11 1
4000.000 92.155 376.585 11 2
3000.000 124.346 376.504 11 3
4000.000 156.397 376.653 11 4
3000.000 188.322 376.665 11 5
4000.000 220.819 376.378 11 6
3000.000 253.401 376.740 11 7
4000.000 285.142 376.506 11 8
3000.000 317.627 376.278 11 9
4000.000 349.984 376.168 11 10
3000.000 382.163 376.304 11 11
4000.000 414.282 376.252 11 12
3000.000 445.726 376.528 11 13
4000.000 478.431 376.466 11 14
3000.000 510.940 376.528 11 15
4000.000 543.712 376.934 11 16
3000.000 575.297 376.698 11 17
4000.000 607.890 376.317 11 18
3000.000 640.397 376.339 11 19
4000.000 672.592 376.322 11 20
3000.000 705.195 376.380 11 21
4000.000 736.669 376.161 11 22
3000.000 769.323 376.323 11 23
4000.000 801.659 376.210 11 24
3000.000 834.018 376.528 11 25
4000.000 865.696 376.743 11 26
3000.000 897.919 376.936 11 27
4000.000 930.766 376.683 11 28
3000.000 962.921 376.600 11 29
4000.000 994.746 376.478 11 30
3000.000 1027.301 376.862 11 31
4000.000 1059.516 376.661 11 32
3000.000 1091.457 376.943 11 33
4000.000 1123.646 376.450 11 34
3000.000 1156.294 376.686 11 35
4000.000 1188.654 376.945 11 36
3000.000 1220.855 376.321 11 37
4000.000 1252.726 376.447 11 38
 0.000  0.000  0.000 11 39
 0.000  0.000  0.000 11 40
 0.000  0.000  0.000 11 41
 0.000  0.000  0.000 11 42
 0.000  0.000  0.000 11 43
 0.000  0.000  0.000 11 44
3000.000 27.304 408.559 12 0
4000.000 59.647 408.730 12 1
3000.000 91.694 408.544 12 2
4000.000 123.999 408.736 12 3
3000.000 156.536 408.452 12 4
4000.000 188.671 408.300 12 5
3000.000 220.600 408.300 12 6
4000.000 253.106 408.643 12 7
3000.000 285.220 408.284 12 8
4000.000 317.623 408.894 12 9
3000.000 349.659 408.435 12 10
4000.000 382.123 408.663 12 11
3000.000 414.270 408.402 12 12
4000.000 446.461 408.717 12 13
3000.000 479.428 408.692 12 14
4000.000 511.044 408.847 12 15
3000.000 543.522 408.526 12 16
4000.000 575.811 408.895 12 17
3000.000 607.837 408.491 12 18
4000.000 639.883 409.120 12 19
3000.000 672.191 408.799 12 20
4000.000 704.559 408.735 12 21
3000.000 736.389 408.856 12 22
4000.000 768.914 408.656 12 23
3000.000 801.538 408.459 12 24
4000.000 833.680 409.142 12 25
3000.000 865.939 408.802 12 26
4000.000 897.884 409.079 12 27
3000.000 930.503 408.544 12 28
4000.000 962.781 408.703 12 29
3000.000 995.652 408.573 12 30
4000.000 1027.317 408.796 12 31
3000.000 1059.643 408.942 12 32
4000.000 1091.710 408.826 12 33
3000.000 1123.782 409.276 12 34
4000.000 1155.866 408.727 12 35
3000.000 1188.747 408.774 12 36
4000.000 1220.421 408.993 12 37
3000.000 1252.833 408.873 12 38
 0.000  0.000  0.000 12 39
 0.000  0.000  0.000 12 40
 0.000  0.000  0.000 12 41
 0.000  0.000  0.000 12 42
 0.000  0.000  0.000 12 43
 0.000  0.000  0.000 12 44
4000.000 27.375 440.854 13 0
3000.000 59.385 441.057 13 1
4000.000 91.875 440.642 13 2
3000.000 123.894 440.918 13 3
4000.000 156.412 440.396 13 4
3000.000 188.475 441.032 13 5
4000.000 220.358 440.845 13 6
3000.000 253.344 441.103 13 7
4000.000 285.007 440.471 13 8
3000.000 317.393 440.966 13 9
4000.000 350.017 440.718 13 10
3000.000 381.887 441.278 13 11
4000.000 414.006 441.629 13 12
3000.000 446.150 440.609 13 13
4000.000 478.615 440.969 13 14
3000.000 511.482 441.276 13 15
4000.000 543.477 441.073 13 16
3000.000 575.717 440.915 13 17
4000.000 607.885 441.564 13 18
3000.000 639.693 441.299 13 19
4000.000 672.710 440.578 13 20
3000.000 704.497 441.331 13 21
4000.000 736.532 441.706 13 22
3000.000 769.500 441.001 13 23
4000.000 801.322 441.305 13 24
3000.000 833.686 441.158 13 25
4000.000 866.170 441.662 13 26
3000.000 898.399 441.048 13 27
4000.000 930.261 441.620 13 28
3000.000 962.317 442.273 13 29
4000.000 995.614 441.482 13 30
3000.000 1027.059 441.115 13 31
4000.000 1059.340 441.073 13 32
3000.000 1092.114 440.725 13 33
4000.000 1124.321 441.051 13 34
3000.000 1156.001 441.234 13 35
4000.000 1188.230 441.407 13 36
3000.000 1219.722 441.159 13 37
4000.000 1252.708 441.270 13 38
 0.000  0.000  0.000 13 39
 0.000  0.000  0.000 13 40
 0.000  0.000  0.000 13 41
 0.000  0.000  0.000 13 42
 0.000  0.000  0.000 13 43
 0.000  0.000  0.000 13 44
3000.000 27.833 473.423 14 0
4000.000 59.790 472.885 14 1
3000.000 91.694 473.495 14 2
4000.000 124.293 473.321 14 3
3000.000 156.495 473.000 14 4
4000.000 188.341 473.008 14 5
3000.000 221.062 473.297 14 6
4000.000 253.269 473.331 14 7
3000.000 285.403 472.714 14 8
4000.000 317.262 473.130 14 9
3000.000 349.534 473.235 14 10
4000.000 381.816 473.115 14 11
3000.000 414.128 473.351 14 12
4000.000 445.957 473.094 14 13
3000.000 478.908 472.727 14 14
4000.000 510.941 473.169 14 15
3000.000 542.990 473.147 14 16
4000.000 575.310 473.638 14 17
104.000 608.185 473.227 14 18
104.000 640.595 474.541 14 19
104.000 672.286 473.425 14 20
104.000 704.319 473.482 14 21
3000.000 737.337 473.422 14 22
4000.000 769.180 473.660 14 23
3000.000 801.625 473.407 14 24
4000.000 833.477 473.677 14 25
3000.000 866.197 473.369 14 26
4000.000 898.231 473.706 14 27
3000.000 930.621 473.277 14 28
4000.000 962.849 473.608 14 29
3000.000 995.438 473.725 14 30
4000.000 1027.692 473.501 14 31
3000.000 1059.460 473.762 14 32
4000.000 1091.690 473.811 14 33
3000.000 1123.457 473.456 14 34
4000.000 1156.188 473.453 14 35
3000.000 1188.424 473.470 14 36
4000.000 1220.317 473.669 14 37
3000.000 1252.891 473.402 14 38
 0.000  0.000  0.000 14 39
 0.000  0.000  0.000 14 40
 0.000  0.000  0.000 14 41
 0.000  0.000  0.000 14 42
 0.000  0.000  0.000 14 43
 0.000  0.000  0.000 14 44
4000.000 27.339 505.377 15 0
3000.000 59.582 505.253 15 1
4000.000 91.999 505.687 15 2
3000.000 123.784 505.694 15 3
4000.000 156.124 505.782 15 4
3000.000 188.589 505.291 15 5
4000.000 220.605 505.039 15 6
3000.000 252.996 505.086 15 7
4000.000 285.536 505.480 15 8
3000.000 317.667 505.445 15 9
4000.000 349.345 505.732 15 10
3000.000 381.892 505.316 15 11
4000.000 414.602 505.678 15 12
3000.000 446.369 505.385 15 13
4000.000 478.707 505.650 15 14
3000.000 510.495 505.702 15 15
4000.000 543.378 505.290 15 16
3000.000 575.000 506.000 15 17
104.000 608.889 505.000 15 18
104.000 641.000 506.000 15 19
104.000 672.000 506.000 15 20
104.000 704.000 504.000 15 21
4000.000 737.234 505.509 15 22
3000.000 769.072 505.929 15 23
4000.000 801.600 505.723 15 24
3000.000 833.488 505.088 15 25
4000.000 866.389 505.597 15 26
3000.000 897.947 505.551 15 27
4000.000 930.900 505.618 15 28
3000.000 962.930 505.805 15 29
4000.000 994.708 505.738 15 30
3000.000 1027.197 505.992 15 31
4000.000 1059.599 505.362 15 32
3000.000 1091.401 505.839 15 33
4000.000 1123.913 506.503 15 34
3000.000 1155.935 506.024 15 35
4000.000 1188.443 506.192 15 36
3000.000 1220.665 505.888 15 37
4000.000 1253.253 506.088 15 38
 0.000  0.000  0.000 15 39
 0.000  0.000  0.000 15 40
 0.000  0.000  0.000 15 41
 0.000  0.000  0.000 15 42
 0.000  0.000  0.000 15 43
 0.000  0.000  0.000 15 44
3000.000 27.503 537.730 16 0
4000.000 59.607 537.717 16 1
3000.000 92.012 537.730 16 2
4000.000 124.416 537.728 16 3
3000.000 156.368 537.480 16 4
4000.000 188.274 537.855 16 5
3000.000 220.586 537.741 16 6
4000.000 253.264 537.587 16 7
3000.000 284.924 537.835 16 8
4000.000 317.255 537.483 16 9
3000.000 350.006 537.894 16 10
4000.000 381.359 537.820 16 11
3000.000 414.259 538.050 16 12
4000.000 446.377 537.634 16 13
3000.000 478.649 537.944 16 14
4000.000 511.050 537.399 16 15
3000.000 543.541 537.893 16 16
4000.000 575.392 537.699 16 17
104.000 608.000 538.000 16 18
104.000 640.708 537.758 16 19
104.000 672.317 538.439 16 20
104.000 704.675 538.277 16 21
3000.000 736.605 537.615 16 22
4000.000 769.116 538.412 16 23
3000.000 801.127 537.906 16 24
4000.000 833.640 537.964 16 25
3000.000 865.863 538.737 16 26
4000.000 898.328 538.485 16 27
3000.000 930.414 538.011 16 28
4000.000 963.027 537.524 16 29
3000.000 994.923 538.010 16 30
4000.000 1027.646 538.108 16 31
3000.000 1059.931 538.268 16 32
4000.000 1091.872 537.860 16 33
3000.000 1123.831 538.490 16 34
4000.000 1156.434 538.130 16 35
3000.000 1188.366 538.469 16 36
4000.000 1220.489 538.452 16 37
3000.000 1252.998 538.117 16 38
 0.000  0.000  0.000 16 39
 0.000  0.000  0.000 16 40
 0.000  0.000  0.000 16 41
 0.000  0.000  0.000 16 42
 0.000  0.000  0.000 16 43
 0.000  0.000  0.000 16 44
4000.000 27.577 569.317 17 0
3000.000 59.724 570.158 17 1
4000.000 91.733 570.191 17 2
3000.000 124.707 569.986 17 3
4000.000 156.014 569.864 17 4
3000.000 188.275 569.573 17 5
4000.000 220.906 570.185 17 6
3000.000 252.822 569.937 17 7
4000.000 284.363 570.165 17 8
3000.000 317.378 570.427 17 9
4000.000 349.309 570.557 17 10
3000.000 382.195 570.236 17 11
4000.000 414.273 570.437 17 12
3000.000 446.565 570.159 17 13
4000.000 478.434 570.380 17 14
3000.000 511.030 570.477 17 15
4000.000 543.375 569.976 17 16
3000.000 575.307 570.142 17 17
104.000 607.629 570.510 17 18
104.000 640.368 570.274 17 19
104.000 672.436 570.429 17 20
104.000 704.357 570.127 17 21
4000.000 736.767 570.027 17 22
3000.000 768.654 570.617 17 23
4000.000 801.502 570.266 17 24
3000.000 833.355 569.861 17 25
4000.000 866.043 569.732 17 26
3000.000 898.375 570.402 17 27
4000.000 930.534 570.243 17 28
3000.000 962.474 570.248 17 29
4000.000 994.663 570.549 17 30
3000.000 1027.492 570.684 17 31
4000.000 1059.300 570.337 17 32
3000.000 1091.654 570.572 17 33
4000.000 1123.652 570.499 17 34
3000.000 1156.483 570.725 17 35
4000.000 1188.163 570.480 17 36
3000.000 1220.762 570.678 17 37
4000.000 1252.839 570.639 17 38
 0.000  0.000  0.000 17 39
 0.000  0.000  0.000 17 40
 0.000  0.000  0.000 17 41
 0.000  0.000  0.000 17 42
 0.000  0.000  0.000 17 43
 0.000  0.000  0.000 17 44
3000.000 27.409 602.652 18 0
4000.000 59.775 602.553 18 1
3000.000 91.846 602.251 18 2
4000.000 124.427 602.562 18 3
3000.000 156.409 602.635 18 4
4000.000 188.257 602.419 18 5
3000.000 220.714 602.236 18 6
4000.000 252.621 602.431 18 7
3000.000 285.636 602.294 18 8
4000.000 317.274 602.449 18 9
3000.000 349.425 602.455 18 10
4000.000 381.946 601.926 18 11
3000.000 414.272 602.551 18 12
4000.000 446.549 601.825 18 13
3000.000 478.364 602.056 18 14
4000.000 511.167 602.231 18 15
3000.000 543.286 602.755 18 16
4000.000 575.485 602.141 18 17
3000.000 607.506 602.562 18 18
4000.000 640.041 602.158 18 19
3000.000 671.538 602.663 18 20
4000.000 704.474 602.537 18 21
3000.000 736.836 602.545 18 22
4000.000 769.419 602.617 18 23
3000.000 801.220 602.593 18 24
4000.000 834.254 602.341 18 25
3000.000 865.625 603.060 18 26
4000.000 898.416 602.202 18 27
3000.000 930.177 602.504 18 28
4000.000 962.350 602.527 18 29
3000.000 994.688 602.375 18 30
4000.000 1027.314 602.679 18 31
3000.000 1059.703 602.577 18 32
4000.000 1091.354 602.760 18 33
3000.000 1123.516 602.563 18 34
4000.000 1155.736 602.297 18 35
3000.000 1188.351 602.348 18 36
4000.000 1221.264 602.491 18 37
3000.000 1253.021 602.475 18 38
 0.000  0.000  0.000 18 39
 0.000  0.000  0.000 18 40
 0.000  0.000  0.000 18 41
 0.000  0.000  0.000 18 42
 0.000  0.000  0.000 18 43
 0.000  0.000  0.000 18 44
4000.000 27.387 634.045 19 0
3000.000 59.928 634.512 19 1
4000.000 91.736 634.451 19 2
3000.000 123.662 634.522 19 3
4000.000 156.139 634.420 19 4
3000.000 188.100 634.699 19 5
4000.000 221.065 634.513 19 6
3000.000 253.382 634.655 19 7
4000.000 284.749 634.593 19 8
3000.000 317.617 634.415 19 9
4000.000 350.260 634.798 19 10
3000.000 381.596 634.659 19 11
4000.000 414.580 634.637 19 12
3000.000 446.861 634.632 19 13
4000.000 478.615 634.874 19 14
3000.000 511.103 634.693 19 15
4000.000 543.625 634.349 19 16
3000.000 575.383 634.530 19 17
4000.000 607.588 634.637 19 18
3000.000 639.694 634.823 19 19
4000.000 672.151 635.308 19 20
3000.000 704.805 634.845 19 21
4000.000 737.083 635.090 19 22
3000.000 769.696 634.585 19 23
4000.000 801.752 634.795 19 24
3000.000 833.724 634.706 19 25
4000.000 866.030 635.123 19 26
3000.000 898.510 635.208 19 27
4000.000 930.447 635.153 19 28
3000.000 962.599 634.479 19 29
4000.000 995.033 635.322 19 30
3000.000 1027.360 634.640 19 31
4000.000 1059.623 634.446 19 32
3000.000 1092.210 634.996 19 33
4000.000 1123.814 634.585 19 34
3000.000 1155.764 635.555 19 35
4000.000 1188.457 635.187 19 36
3000.000 1220.625 634.974 19 37
4000.000 1252.658 635.264 19 38
 0.000  0.000  0.000 19 39
 0.000  0.000  0.000 19 40
 0.000  0.000  0.000 19 41
 0.000  0.000  0.000 19 42
 0.000  0.000  0.000 19 43
 0.000  0.000  0.000 19 44
3000.000 27.397 666.552 20 0
4000.000 59.611 666.673 20 1
3000.000 91.868 666.463 20 2
4000.000 123.971 666.513 20 3
3000.000 156.697 666.609 20 4
4000.000 188.443 666.640 20 5
3000.000 220.510 667.336 20 6
4000.000 252.413 667.374 20 7
3000.000 285.031 666.942 20 8
4000.000 317.518 667.204 20 9
3000.000 349.667 667.529 20 10
4000.000 381.737 666.326 20 11
3000.000 413.783 666.728 20 12
4000.000 445.756 666.639 20 13
3000.000 478.477 667.307 20 14
4000.000 511.326 667.420 20 15
3000.000 542.900 666.511 20 16
4000.000 575.697 666.437 20 17
3000.000 607.674 666.884 20 18
4000.000 640.313 667.141 20 19
3000.000 671.897 666.843 20 20
4000.000 704.250 667.546 20 21
3000.000 736.600 667.282 20 22
4000.000 769.182 666.886 20 23
3000.000 801.269 666.915 20 24
4000.000 833.346 666.873 20 25
3000.000 865.474 667.097 20 26
4000.000 898.263 666.940 20 27
3000.000 930.105 667.058 20 28
4000.000 962.734 667.794 20 29
3000.000 994.411 667.361 20 30
4000.000 1027.322 666.842 20 31
3000.000 1059.652 667.668 20 32
4000.000 1091.598 667.426 20 33
3000.000 1123.583 667.396 20 34
4000.000 1155.737 667.220 20 35
3000.000 1188.612 667.549 20 36
4000.000 1220.420 667.428 20 37
3000.000 1252.561 666.755 20 38
 0.000  0.000  0.000 20 39
 0.000  0.000  0.000 20 40
 0.000  0.000  0.000 20 41
 0.000  0.000  0.000 20 42
 0.000  0.000  0.000 20 43
 0.000  0.000  0.000 20 44
4000.000 27.733 698.159 21 0
3000.000 59.584 698.981 21 1
4000.000 92.125 699.050 21 2
3000.000 123.664 698.662 21 3
4000.000 156.537 699.038 21 4
3000.000 188.363 698.392 21 5
4000.000 220.562 699.536 21 6
3000.000 252.809 699.417 21 7
4000.000 285.658 699.355 21 8
3000.000 316.596 699.131 21 9
4000.000 349.654 698.880 21 10
3000.000 381.683 699.488 21 11
4000.000 414.045 699.211 21 12
3000.000 446.579 699.435 21 13
4000.000 478.576 699.062 21 14
3000.000 510.680 699.225 21 15
4000.000 543.345 698.974 21 16
3000.000 575.500 699.588 21 17
4000.000 607.786 699.680 21 18
3000.000 640.603 698.998 21 19
4000.000 672.615 699.145 21 20
3000.000 704.184 699.610 21 21
4000.000 736.394 699.626 21 22
3000.000 768.683 699.495 21 23
4000.000 801.415 699.712 21 24
3000.000 833.642 699.983 21 25
4000.000 865.778 699.591 21 26
3000.000 898.366 699.662 21 27
4000.000 930.410 699.333 21 28
3000.000 962.564 699.622 21 29
4000.000 994.983 699.613 21 30
3000.000 1026.996 699.388 21 31
4000.000 1059.262 699.510 21 32
3000.000 1091.178 699.348 21 33
4000.000 1123.871 699.389 21 34
3000.000 1156.095 699.501 21 35
4000.000 1188.573 699.288 21 36
3000.000 1220.000 699.635 21 37
4000.000 1252.458 699.551 21 38
 0.000  0.000  0.000 21 39
 0.000  0.000  0.000 21 40
 0.000  0.000  0.000 21 41
 0.000  0.000  0.000 21 42
 0.000  0.000  0.000 21 43
 0.000  0.000  0.000 21 44
3000.000 27.589 731.354 22 0
4000.000 60.154 731.166 22 1
3000.000 91.709 731.135 22 2
4000.000 123.722 731.271 22 3
3000.000 156.573 730.952 22 4
4000.000 188.715 731.027 22 5
3000.000 221.196 731.513 22 6
4000.000 252.784 731.603 22 7
3000.000 284.737 731.431 22 8
4000.000 317.335 731.420 22 9
3000.000 349.952 731.477 22 10
4000.000 381.322 731.614 22 11
3000.000 414.154 731.327 22 12
4000.000 446.423 731.614 22 13
3000.000 478.421 731.195 22 14
4000.000 511.278 731.032 22 15
3000.000 543.104 731.432 22 16
4000.000 575.400 731.333 22 17
3000.000 607.223 731.738 22 18
4000.000 639.398 731.593 22 19
3000.000 672.123 731.302 22 20
4000.000 704.532 731.510 22 21
3000.000 736.438 731.711 22 22
4000.000 769.393 731.356 22 23
3000.000 801.141 731.666 22 24
4000.000 833.719 731.831 22 25
3000.000 865.710 731.173 22 26
4000.000 898.178 731.459 22 27
3000.000 930.149 731.421 22 28
4000.000 962.541 731.500 22 29
3000.000 995.252 731.738 22 30
4000.000 1027.718 732.173 22 31
3000.000 1059.633 731.472 22 32
4000.000 1091.305 731.598 22 33
3000.000 1123.836 731.897 22 34
4000.000 1156.369 731.483 22 35
3000.000 1187.576 731.342 22 36
4000.000 1220.497 731.652 22 37
3000.000 1252.806 731.267 22 38
 0.000  0.000  0.000 22 39
 0.000  0.000  0.000 22 40
 0.000  0.000  0.000 22 41
 0.000  0.000  0.000 22 42
 0.000  0.000  0.000 22 43
 0.000  0.000  0.000 22 44
4000.000 27.561 763.615 23 0
3000.000 59.568 763.425 23 1
4000.000 91.644 763.598 23 2
3000.000 123.669 763.727 23 3
4000.000 156.383 762.992 23 4
3000.000 188.673 763.240 23 5
4000.000 220.463 763.468 23 6
3000.000 252.672 763.748 23 7
4000.000 285.210 763.584 23 8
3000.000 317.459 763.516 23 9
4000.000 349.391 763.952 23 10
3000.000 382.310 763.539 23 11
4000.000 414.347 763.931 23 12
3000.000 446.251 763.516 23 13
4000.000 478.316 763.727 23 14
3000.000 510.496 763.382 23 15
4000.000 543.186 763.818 23 16
3000.000 575.668 763.586 23 17
4000.000 607.793 764.071 23 18
3000.000 639.521 763.785 23 19
4000.000 672.491 763.395 23 20
3000.000 704.578 763.897 23 21
4000.000 736.586 763.795 23 22
3000.000 769.047 764.240 23 23
4000.000 801.409 764.615 23 24
3000.000 833.682 764.042 23 25
4000.000 865.268 763.955 23 26
3000.000 898.307 763.783 23 27
4000.000 930.097 763.676 23 28
3000.000 962.713 764.019 23 29
4000.000 994.669 763.621 23 30
3000.000 1026.879 763.653 23 31
4000.000 1059.220 763.682 23 32
3000.000 1091.492 763.637 23 33
4000.000 1123.327 763.756 23 34
3000.000 1156.260 764.064 23 35
4000.000 1188.211 764.124 23 36
3000.000 1220.262 764.171 23 37
4000.000 1252.649 763.947 23 38
 0.000  0.000  0.000 23 39
 0.000  0.000  0.000 23 40
 0.000  0.000  0.000 23 41
 0.000  0.000  0.000 23 42
 0.000  0.000  0.000 23 43
 0.000  0.000  0.000 23 44
3000.000 27.842 795.706 24 0
4000.000 59.909 795.724 24 1
3000.000 91.438 795.534 24 2
4000.000 123.871 796.325 24 3
3000.000 156.610 795.729 24 4
4000.000 188.683 796.056 24 5
3000.000 220.768 796.170 24 6
4000.000 252.983 795.426 24 7
3000.000 285.666 795.680 24 8
4000.000 317.355 796.054 24 9
3000.000 349.948 796.091 24 10
4000.000 381.333 796.153 24 11
3000.000 413.635 795.412 24 12
4000.000 446.305 795.664 24 13
3000.000 478.591 796.096 24 14
4000.000 510.792 795.502 24 15
3000.000 543.465 796.560 24 16
4000.000 575.453 796.356 24 17
3000.000 607.666 796.437 24 18
4000.000 639.733 796.121 24 19
3000.000 672.106 796.439 24 20
4000.000 704.327 796.311 24 21
3000.000 736.466 796.387 24 22
4000.000 769.137 796.128 24 23
3000.000 800.826 796.478 24 24
4000.000 833.718 795.781 24 25
3000.000 865.321 796.323 24 26
4000.000 898.291 796.721 24 27
3000.000 930.004 796.193 24 28
4000.000 962.282 796.489 24 29
3000.000 994.920 796.461 24 30
4000.000 1026.331 796.437 24 31
3000.000 1059.100 796.392 24 32
4000.000 1091.456 796.184 24 33
3000.000 1123.586 796.307 24 34
4000.000 1155.634 796.511 24 35
3000.000 1188.087 796.139 24 36
4000.000 1220.070 795.820 24 37
3000.000 1252.350 796.608 24 38
 0.000  0.000  0.000 24 39
 0.000  0.000  0.000 24 40
 0.000  0.000  0.000 24 41
 0.000  0.000  0.000 24 42
 0.000  0.000  0.000 24 43
 0.000  0.000  0.000 24 44
4000.000 27.705 827.678 25 0
3000.000 59.132 827.804 25 1
4000.000 91.285 827.765 25 2
3000.000 123.605 827.938 25 3
4000.000 156.357 827.887 25 4
3000.000 188.441 827.855 25 5
4000.000 220.562 828.090 25 6
3000.000 253.099 828.488 25 7
4000.000 284.798 828.426 25 8
3000.000 317.454 827.559 25 9
4000.000 350.057 827.902 25 10
3000.000 381.600 828.314 25 11
4000.000 413.939 828.111 25 12
3000.000 446.761 828.543 25 13
4000.000 478.042 828.477 25 14
3000.000 511.116 828.578 25 15
4000.000 542.564 828.747 25 16
3000.000 575.315 828.173 25 17
4000.000 607.758 828.353 25 18
3000.000 640.005 828.495 25 19
4000.000 672.146 828.407 25 20
3000.000 704.393 828.463 25 21
4000.000 736.289 827.934 25 22
3000.000 769.456 828.218 25 23
4000.000 800.770 828.694 25 24
3000.000 833.438 828.431 25 25
4000.000 865.516 828.268 25 26
3000.000 898.153 828.654 25 27
4000.000 930.108 828.335 25 28
3000.000 962.468 828.386 25 29
4000.000 995.060 828.538 25 30
3000.000 1027.465 828.269 25 31
4000.000 1059.336 828.305 25 32
3000.000 1091.497 828.607 25 33
4000.000 1123.494 828.691 25 34
3000.000 1155.737 828.505 25 35
4000.000 1188.142 828.343 25 36
3000.000 1220.379 828.551 25 37
4000.000 1252.396 828.163 25 38
 0.000  0.000  0.000 25 39
 0.000  0.000  0.000 25 40
 0.000  0.000  0.000 25 41
 0.000  0.000  0.000 25 42
 0.000  0.000  0.000 25 43
 0.000  0.000  0.000 25 44
3000.000 27.539 860.508 26 0
4000.000 58.973 860.446 26 1
3000.000 91.997 860.328 26 2
4000.000 123.956 860.577 26 3
3000.000 156.355 860.461 26 4
4000.000 188.233 859.861 26 5
3000.000 221.180 860.525 26 6
4000.000 252.666 860.321 26 7
3000.000 285.349 860.229 26 8
4000.000 317.503 860.370 26 9
3000.000 349.373 860.161 26 10
4000.000 381.604 860.580 26 11
3000.000 414.051 860.366 26 12
4000.000 446.434 860.134 26 13
3000.000 478.500 860.518 26 14
4000.000 510.390 860.380 26 15
3000.000 542.888 860.446 26 16
4000.000 575.446 860.322 26 17
3000.000 607.833 860.735 26 18
4000.000 639.585 860.386 26 19
3000.000 672.174 860.271 26 20
4000.000 704.451 860.652 26 21
3000.000 736.886 859.577 26 22
4000.000 768.930 860.772 26 23
3000.000 800.447 860.672 26 24
4000.000 833.847 860.701 26 25
3000.000 865.943 860.466 26 26
4000.000 898.341 860.760 26 27
3000.000 930.013 860.385 26 28
4000.000 962.568 860.545 26 29
3000.000 994.394 860.354 26 30
4000.000 1026.952 860.387 26 31
3000.000 1058.807 860.666 26 32
4000.000 1091.603 860.730 26 33
3000.000 1123.718 860.509 26 34
4000.000 1155.624 861.284 26 35
3000.000 1187.706 860.543 26 36
4000.000 1220.490 860.539 26 37
3000.000 1252.492 860.763 26 38
 0.000  0.000  0.000 26 39
 0.000  0.000  0.000 26 40
 0.000  0.000  0.000 26 41
 0.000  0.000  0.000 26 42
 0.000  0.000  0.000 26 43
 0.000  0.000  0.000 26 44
4000.000 27.331 892.606 27 0
3000.000 59.551 892.246 27 1
4000.000 91.980 891.788 27 2
3000.000 123.935 892.312 27 3
4000.000 156.078 892.751 27 4
3000.000 188.417 892.719 27 5
4000.000 220.491 892.623 27 6
3000.000 252.778 892.316 27 7
4000.000 285.333 892.473 27 8
3000.000 317.309 892.255 27 9
4000.000 349.829 892.594 27 10
3000.000 381.809 892.824 27 11
4000.000 413.783 892.850 27 12
3000.000 446.007 893.271 27 13
4000.000 478.296 892.743 27 14
3000.000 510.595 892.486 27 15
4000.000 543.757 892.636 27 16
3000.000 575.215 892.937 27 17
4000.000 607.505 893.135 27 18
3000.000 639.961 892.411 27 19
4000.000 671.479 892.770 27 20
3000.000 704.561 892.953 27 21
4000.000 736.412 893.151 27 22
3000.000 769.030 893.201 27 23
4000.000 801.407 892.514 27 24
3000.000 833.658 892.405 27 25
4000.000 865.421 893.482 27 26
3000.000 898.291 893.151 27 27
4000.000 929.819 892.877 27 28
3000.000 962.114 893.549 27 29
4000.000 995.238 892.557 27 30
3000.000 1026.419 893.130 27 31
4000.000 1059.604 892.400 27 32
3000.000 1091.643 892.487 27 33
4000.000 1123.653 892.858 27 34
3000.000 1155.547 893.362 27 35
4000.000 1187.828 892.920 27 36
3000.000 1220.053 893.076 27 37
4000.000 1252.827 892.460 27 38
 0.000  0.000  0.000 27 39
 0.000  0.000  0.000 27 40
 0.000  0.000  0.000 27 41
 0.000  0.000  0.000 27 42
 0.000  0.000  0.000 27 43
 0.000  0.000  0.000 27 44
3000.000 27.268 924.645 28 0
4000.000 59.417 924.697 28 1
3000.000 92.692 925.138 28 2
4000.000 123.776 925.082 28 3
3000.000 156.402 924.312 28 4
4000.000 188.346 924.304 28 5
3000.000 220.723 924.925 28 6
4000.000 253.038 924.854 28 7
3000.000 284.833 924.587 28 8
4000.000 317.389 925.198 28 9
3000.000 349.677 924.631 28 10
4000.000 381.989 924.740 28 11
3000.000 413.771 925.227 28 12
4000.000 446.440 925.059 28 13
3000.000 478.767 925.406 28 14
4000.000 510.561 925.453 28 15
3000.000 543.421 924.869 28 16
4000.000 575.004 925.534 28 17
3000.000 607.580 925.504 28 18
4000.000 639.359 925.033 28 19
3000.000 672.283 925.707 28 20
4000.000 704.344 924.505 28 21
3000.000 736.845 925.136 28 22
4000.000 768.334 925.522 28 23
3000.000 801.580 925.107 28 24
4000.000 833.588 925.261 28 25
3000.000 865.526 925.132 28 26
4000.000 897.774 925.395 28 27
3000.000 930.549 925.940 28 28
4000.000 962.623 925.363 28 29
3000.000 995.073 925.111 28 30
4000.000 1026.494 925.816 28 31
3000.000 1059.169 925.511 28 32
4000.000 1091.603 924.881 28 33
3000.000 1123.837 925.726 28 34
4000.000 1155.551 925.522 28 35
3000.000 1187.430 925.213 28 36
4000.000 1220.536 925.419 28 37
3000.000 1252.611 925.161 28 38
 0.000  0.000  0.000 28 39
 0.000  0.000  0.000 28 40
 0.000  0.000  0.000 28 41
 0.000  0.000  0.000 28 42
 0.000  0.000  0.000 28 43
 0.000  0.000  0.000 28 44
4000.000 27.717 956.533 29 0
3000.000 59.918 957.379 29 1
4000.000 91.856 956.476 29 2
3000.000 123.941 956.740 29 3
4000.000 156.680 957.160 29 4
3000.000 188.418 956.772 29 5
4000.000 220.570 957.248 29 6
3000.000 252.733 957.228 29 7
4000.000 284.993 956.997 29 8
3000.000 317.243 957.430 29 9
4000.000 349.353 956.767 29 10
3000.000 381.604 956.921 29 11
4000.000 413.959 957.712 29 12
3000.000 446.317 957.614 29 13
4000.000 478.595 957.306 29 14
3000.000 511.061 957.862 29 15
4000.000 542.510 957.704 29 16
3000.000 574.794 957.800 29 17
4000.000 607.263 957.203 29 18
3000.000 640.020 957.455 29 19
4000.000 671.673 957.267 29 20
3000.000 704.499 957.509 29 21
4000.000 736.962 957.002 29 22
3000.000 769.080 957.609 29 23
4000.000 801.263 957.120 29 24
3000.000 833.491 957.357 29 25
4000.000 865.450 957.697 29 26
3000.000 897.662 957.546 29 27
4000.000 930.353 957.910 29 28
3000.000 962.449 957.379 29 29
4000.000 994.487 957.735 29 30
3000.000 1026.293 957.514 29 31
4000.000 1058.433 957.514 29 32
3000.000 1091.009 957.757 29 33
4000.000 1123.550 957.248 29 34
3000.000 1155.644 957.591 29 35
4000.000 1187.914 957.699 29 36
3000.000 1220.242 957.654 29 37
4000.000 1252.198 957.139 29 38
 0.000  0.000  0.000 29 39
 0.000  0.000  0.000 29 40
 0.000  0.000  0.000 29 41
 0.000  0.000  0.000 29 42
 0.000  0.000  0.000 29 43
 0.000  0.000  0.000 29 44
3000.000 28.448 988.777 30 0
4000.000 59.579 988.755 30 1
3000.000 91.519 989.672 30 2
4000.000 123.921 988.939 30 3
3000.000 156.059 989.294 30 4
4000.000 188.279 989.312 30 5
3000.000 220.270 989.082 30 6
4000.000 252.742 989.617 30 7
3000.000 284.767 989.555 30 8
4000.000 316.852 989.670 30 9
3000.000 349.678 989.688 30 10
4000.000 381.331 989.553 30 11
3000.000 413.543 989.347 30 12
4000.000 446.528 989.449 30 13
3000.000 478.305 989.586 30 14
4000.000 510.378 989.336 30 15
3000.000 542.593 989.456 30 16
4000.000 574.790 989.602 30 17
3000.000 607.416 989.663 30 18
4000.000 639.369 989.285 30 19
3000.000 671.742 989.314 30 20
4000.000 704.255 989.697 30 21
3000.000 736.365 989.468 30 22
4000.000 768.949 990.156 30 23
3000.000 801.053 989.364 30 24
4000.000 832.940 989.724 30 25
3000.000 865.498 989.417 30 26
4000.000 898.463 989.704 30 27
3000.000 930.404 989.613 30 28
4000.000 962.460 990.245 30 29
3000.000 994.700 989.866 30 30
4000.000 1027.078 989.572 30 31
3000.000 1059.563 989.661 30 32
4000.000 1091.689 989.721 30 33
3000.000 1123.659 989.311 30 34
4000.000 1155.619 989.368 30 35
3000.000 1188.161 989.651 30 36
4000.000 1219.364 989.328 30 37
3000.000 1252.719 989.310 30 38
 0.000  0.000  0.000 30 39
 0.000  0.000  0.000 30 40
 0.000  0.000  0.000 30 41
 0.000  0.000  0.000 30 42
 0.000  0.000  0.000 30 43
 0.000  0.000  0.000 30 44
 0.000  0.000  0.000 31 0
 0.000  0.000  0.000 31 1
 0.000  0.000  0.000 31 2
 0.000  0.000  0.000 31 3
 0.000  0.000  0.000 31 4
 0.000  0.000  0.000 31 5
 0.000  0.000  0.000 31 6
 0.000  0.000  0.000 31 7
 0.000  0.000  0.000 31 8
 0.000  0.000  0.000 31 9
 0.000  0.000  0.000 31 10
 0.000  0.000  0.000 31 11
 0.000  0.000  0.000 31 12
 0.000  0.000  0.000 31 13
 0.000  0.000  0.000 31 14
 0.000  0.000  0.000 31 15
 0.000  0.000  0.000 31 16
 0.000  0.000  0.000 31 17
 0.000  0.000  0.000 31 18
 0.000  0.000  0.000 31 19
 0.000  0.000  0.000 31 20
 0.000  0.000  0.000 31 21
 0.000  0.000  0.000 31 22
 0.000  0.000  0.000 31 23
 0.000  0.000  0.000 31 24
 0.000  0.000  0.000 31 25
 0.000  0.000  0.000 31 26
 0.000  0.000  0.000 31 27
 0.000  0.000  0.000 31 28
 0.000  0.000  0.000 31 29
 0.000  0.000  0.000 31 30
 0.000  0.000  0.000 31 31
 0.000  0.000  0.000 31 32
 0.000  0.000  0.000 31 33
 0.000  0.000  0.000 31 34
 0.000  0.000  0.000 31 35
 0.000  0.000  0.000 31 36
 0.000  0.000  0.000 31 37
 0.000  0.000  0.000 31 38
 0.000  0.000  0.000 31 39
 0.000  0.000  0.000 31 40
 0.000  0.000  0.000 31 41
 0.000  0.000  0.000 31 42
 0.000  0.000  0.000 31 43
 0.000  0.000  0.000 31 44
 0.000  0.000  0.000 32 0
 0.000  0.000  0.000 32 1
 0.000  0.000  0.000 32 2
 0.000  0.000  0.000 32 3
 0.000  0.000  0.000 32 4
 0.000  0.000  0.000 32 5
 0.000  0.000  0.000 32 6
 0.000  0.000  0.000 32 7
 0.000  0.000  0.000 32 8
 0.000  0.000  0.000 32 9
 0.000  0.000  0.000 32 10
 0.000  0.000  0.000 32 11
 0.000  0.000  0.000 32 12
 0.000  0.000  0.000 32 13
 0.000  0.000  0.000 32 14
 0.000  0.000  0.000 32 15
 0.000  0.000  0.000 32 16
 0.000  0.000  0.000 32 17
 0.000  0.000  0.000 32 18
 0.000  0.000  0.000 32 19
 0.000  0.000  0.000 32 20
 0.000  0.000  0.000 32 21
 0.000  0.000  0.000 32 22
 0.000  0.000  0.000 32 23
 0.000  0.000  0.000 32 24
 0.000  0.000  0.000 32 25
 0.000  0.000  0.000 32 26
 0.000  0.000  0.000 32 27
 0.000  0.000  0.000 32 28
 0.000  0.000  0.000 32 29
 0.000  0.000  0.000 32 30
 0.000  0.000  0.000 32 31
 0.000  0.000  0.000 32 32
 0.000  0.000  0.000 32 33
 0.000  0.000  0.000 32 34
 0.000  0.000  0.000 32 35
 0.000  0.000  0.000 32 36
 0.000  0.000  0.000 32 37
 0.000  0.000  0.000 32 38
 0.000  0.000  0.000 32 39
 0.000  0.000  0.000 32 40
 0.000  0.000  0.000 32 41
 0.000  0.000  0.000 32 42
 0.000  0.000  0.000 32 43
 0.000  0.000  0.000 32 44
 0.000  0.000  0.000 33 0
 0.000  0.000  0.000 33 1
 0.000  0.000  0.000 33 2
 0.000  0.000  0.000 33 3
 0.000  0.000  0.000 33 4
 0.000  0.000  0.000 33 5
 0.000  0.000  0.000 33 6
 0.000  0.000  0.000 33 7
 0.000  0.000  0.000 33 8
 0.000  0.000  0.000 33 9
 0.000  0.000  0.000 33 10
 0.000  0.000  0.000 33 11
 0.000  0.000  0.000 33 12
 0.000  0.000  0.000 33 13
 0.000  0.000  0.000 33 14
 0.000  0.000  0.000 33 15
 0.000  0.000  0.000 33 16
 0.000  0.000  0.000 33 17
 0.000  0.000  0.000 33 18
 0.000  0.000  0.000 33 19
 0.000  0.000  0.000 33 20
 0.000  0.000  0.000 33 21
 0.000  0.000  0.000 33 22
 0.000  0.000  0.000 33 23
 0.000  0.000  0.000 33 24
 0.000  0.000  0.000 33 25
 0.000  0.000  0.000 33 26
 0.000  0.000  0.000 33 27
 0.000  0.000  0.000 33 28
 0.000  0.000  0.000 33 29
 0.000  0.000  0.000 33 30
 0.000  0.000  0.000 33 31
 0.000  0.000  0.000 33 32
 0.000  0.000  0.000 33 33
 0.000  0.000  0.000 33 34
 0.000  0.000  0.000 33 35
 0.000  0.000  0.000 33 36
 0.000  0.000  0.000 33 37
 0.000  0.000  0.000 33 38
 0.000  0.000  0.000 33 39
 0.000  0.000  0.000 33 40
 0.000  0.000  0.000 33 41
 0.000  0.000  0.000 33 42
 0.000  0.000  0.000 33 43
 0.000  0.000  0.000 33 44
 0.000  0.000  0.000 34 0
 0.000  0.000  0.000 34 1
 0.000  0.000  0.000 34 2
 0.000  0.000  0.000 34 3
 0.000  0.000  0.000 34 4
 0.000  0.000  0.000 34 5
 0.000  0.000  0.000 34 6
 0.000  0.000  0.000 34 7
 0.000  0.000  0.000 34 8
 0.000  0.000  0.000 34 9
 0.000  0.000  0.000 34 10
 0.000  0.000  0.000 34 11
 0.000  0.000  0.000 34 12
 0.000  0.000  0.000 34 13
 0.000  0.000  0.000 34 14
 0.000  0.000  0.000 34 15
 0.000  0.000  0.000 34 16
 0.000  0.000  0.000 34 17
 0.000  0.000  0.000 34 18
 0.000  0.000  0.000 34 19
 0.000  0.000  0.000 34 20
 0.000  0.000  0.000 34 21
 0.000  0.000  0.000 34 22
 0.000  0.000  0.000 34 23
 0.000  0.000  0.000 34 24
 0.000  0.000  0.000 34 25
 0.000  0.000  0.000 34 26
 0.000  0.000  0.000 34 27
 0.000  0.000  0.000 34 28
 0.000  0.000  0.000 34 29
 0.000  0.000  0.000 34 30
 0.000  0.000  0.000 34 31
 0.000  0.000  0.000 34 32
 0.000  0.000  0.000 34 33
 0.000  0.000  0.000 34 34
 0.000  0.000  0.000 34 35
 0.000  0.000  0.000 34 36
 0.000  0.000  0.000 34 37
 0.000  0.000  0.000 34 38
 0.000  0.000  0.000 34 39
 0.000  0.000  0.000 34 40
 0.000  0.000  0.000 34 41
 0.000  0.000  0.000 34 42
 0.000  0.000  0.000 34 43
 0.000  0.000  0.000 34 44
 0.000  0.000  0.000 35 0
 0.000  0.000  0.000 35 1
 0.000  0.000  0.000 35 2
 0.000  0.000  0.000 35 3
 0.000  0.000  0.000 35 4
 0.000  0.000  0.000 35 5
 0.000  0.000  0.000 35 6
 0.000  0.000  0.000 35 7
 0.000  0.000  0.000 35 8
 0.000  0.000  0.000 35 9
 0.000  0.000  0.000 35 10
 0.000  0.000  0.000 35 11
 0.000  0.000  0.000 35 12
 0.000  0.000  0.000 35 13
 0.000  0.000  0.000 35 14
 0.000  0.000  0.000 35 15
 0.000  0.000  0.000 35 16
 0.000  0.000  0.000 35 17
 0.000  0.000  0.000 35 18
 0.000  0.000  0.000 35 19
 0.000  0.000  0.000 35 20
 0.000  0.000  0.000 35 21
 0.000  0.000  0.000 35 22
 0.000  0.000  0.000 35 23
 0.000  0.000  0.000 35 24
 0.000  0.000  0.000 35 25
 0.000  0.000  0.000 35 26
 0.000  0.000  0.000 35 27
 0.000  0.000  0.000 35 28
 0.000  0.000  0.000 35 29
 0.000  0.000  0.000 35 30
 0.000  0.000  0.000 35 31
 0.000  0.000  0.000 35 32
 0.000  0.000  0.000 35 33
 0.000  0.000  0.000 35 34
 0.000  0.000  0.000 35 35
 0.000  0.000  0.000 35 36
 0.000  0.000  0.000 35 37
 0.000  0.000  0.000 35 38
 0.000  0.000  0.000 35 39
 0.000  0.000  0.000 35 40
 0.000  0.000  0.000 35 41
 0.000  0.000  0.000 35 42
 0.000  0.000  0.000 35 43
 0.000  0.000  0.000 35 44
 0.000  0.000  0.000 36 0
 0.000  0.000  0.000 36 1
 0.000  0.000  0.000 36 2
 0.000  0.000  0.000 36 3
 0.000  0.000  0.000 36 4
 0.000  0.000  0.000 36 5
 0.000  0.000  0.000 36 6
 0.000  0.000  0.000 36 7
 0.000  0.000  0.000 36 8
 0.000  0.000  0.000 36 9
 0.000  0.000  0.000 36 10
 0.000  0.000  0.000 36 11
 0.000  0.000  0.000 36 12
 0.000  0.000  0.000 36 13
 0.000  0.000  0.000 36 14
 0.000  0.000  0.000 36 15
 0.000  0.000  0.000 36 16
 0.000  0.000  0.000 36 17
 0.000  0.000  0.000 36 18
 0.000  0.000  0.000 36 19
 0.000  0.000  0.000 36 20
 0.000  0.000  0.000 36 21
 0.000  0.000  0.000 36 22
 0.000  0.000  0.000 36 23
 0.000  0.000  0.000 36 24
 0.000  0.000  0.000 36 25
 0.000  0.000  0.000 36 26
 0.000  0.000  0.000 36 27
 0.000  0.000  0.000 36 28
 0.000  0.000  0.000 36 29
 0.000  0.000  0.000 36 30
 0.000  0.000  0.000 36 31
 0.000  0.000  0.000 36 32
 0.000  0.000  0.000 36 33
 0.000  0.000  0.000 36 34
 0.000  0.000  0.000 36 35
 0.000  0.000  0.000 36 36
 0.000  0.000  0.000 36 37
 0.000  0.000  0.000 36 38
 0.000  0.000  0.000 36 39
 0.000  0.000  0.000 36 40
 0.000  0.000  0.000 36 41
 0.000  0.000  0.000 36 42
 0.000  0.000  0.000 36 43
 0.000  0.000  0.000 36 44
 0.000  0.000  0.000 37 0
 0.000  0.000  0.000 37 1
 0.000  0.000  0.000 37 2
 0.000  0.000  0.000 37 3
 0.000  0.000  0.000 37 4
 0.000  0.000  0.000 37 5
 0.000  0.000  0.000 37 6
 0.000  0.000  0.000 37 7
 0.000  0.000  0.000 37 8
 0.000  0.000  0.000 37 9
 0.000  0.000  0.000 37 10
 0.000  0.000  0.000 37 11
 0.000  0.000  0.000 37 12
 0.000  0.000  0.000 37 13
 0.000  0.000  0.000 37 14
 0.000  0.000  0.000 37 15
 0.000  0.000  0.000 37 16
 0.000  0.000  0.000 37 17
 0.000  0.000  0.000 37 18
 0.000  0.000  0.000 37 19
 0.000  0.000  0.000 37 20
 0.000  0.000  0.000 37 21
 0.000  0.000  0.000 37 22
 0.000  0.000  0.000 37 23
 0.000  0.000  0.000 37 24
 0.000  0.000  0.000 37 25
 0.000  0.000  0.000 37 26
 0.000  0.000  0.000 37 27
 0.000  0.000  0.000 37 28
 0.000  0.000  0.000 37 29
 0.000  0.000  0.000 37 30
 0.000  0.000  0.000 37 31
 0.000  0.000  0.000 37 32
 0.000  0.000  0.000 37 33
 0.000  0.000  0.000 37 34
 0.000  0.000  0.000 37 35
 0.000  0.000  0.000 37 36
 0.000  0.000  0.000 37 37
 0.000  0.000  0.000 37 38
 0.000  0.000  0.000 37 39
 0.000  0.000  0.000 37 40
 0.000  0.000  0.000 37 41
 0.000  0.000  0.000 37 42
 0.000  0.000  0.000 37 43
 0.000  0.000  0.000 37 44
 0.000  0.000  0.000 38 0
 0.000  0.000  0.000 38 1
 0.000  0.000  0.000 38 2
 0.000  0.000  0.000 38 3
 0.000  0.000  0.000 38 4
 0.000  0.000  0.000 38 5
 0.000  0.000  0.000 38 6
 0.000  0.000  0.000 38 7
 0.000  0.000  0.000 38 8
 0.000  0.000  0.000 38 9
 0.000  0.000  0.000 38 10
 0.000  0.000  0.000 38 11
 0.000  0.000  0.000 38 12
 0.000  0.000  0.000 38 13
 0.000  0.000  0.000 38 14
 0.000  0.000  0.000 38 15
 0.000  0.000  0.000 38 16
 0.000  0.000  0.000 38 17
 0.000  0.000  0.000 38 18
 0.000  0.000  0.000 38 19
 0.000  0.000  0.000 38 20
 0.000  0.000  0.000 38 21
 0.000  0.000  0.000 38 22
 0.000  0.000  0.000 38 23
 0.000  0.000  0.000 38 24
 0.000  0.000  0.000 38 25
 0.000  0.000  0.000 38 26
 0.000  0.000  0.000 38 27
 0.000  0.000  0.000 38 28
 0.000  0.000  0.000 38 29
 0.000  0.000  0.000 38 30
 0.000  0.000  0.000 38 31
 0.000  0.000  0.000 38 32
 0.000  0.000  0.000 38 33
 0.000  0.000  0.000 38 34
 0.000  0.000  0.000 38 35
 0.000  0.000  0.000 38 36
 0.000  0.000  0.000 38 37
 0.000  0.000  0.000 38 38
 0.000  0.000  0.000 38 39
 0.000  0.000  0.000 38 40
 0.000  0.000  0.000 38 41
 0.000  0.000  0.000 38 42
 0.000  0.000  0.000 38 43
 0.000  0.000  0.000 38 44
 0.000  0.000  0.000 39 0
 0.000  0.000  0.000 39 1
 0.000  0.000  0.000 39 2
 0.000  0.000  0.000 39 3
 0.000  0.000  0.000 39 4
 0.000  0.000  0.000 39 5
 0.000  0.000  0.000 39 6
 0.000  0.000  0.000 39 7
 0.000  0.000  0.000 39 8
 0.000  0.000  0.000 39 9
 0.000  0.000  0.000 39 10
 0.000  0.000  0.000 39 11
 0.000  0.000  0.000 39 12
 0.000  0.000  0.000 39 13
 0.000  0.000  0.000 39 14
 0.000  0.000  0.000 39 15
 0.000  0.000  0.000 39 16
 0.000  0.000  0.000 39 17
 0.000  0.000  0.000 39 18
 0.000  0.000  0.000 39 19
 0.000  0.000  0.000 39 20
 0.000  0.000  0.000 39 21
 0.000  0.000  0.000 39 22
 0.000  0.000  0.000 39 23
 0.000  0.000  0.000 39 24
 0.000  0.000  0.000 39 25
 0.000  0.000  0.000 39 26
 0.000  0.000  0.000 39 27
 0.000  0.000  0.000 39 28
 0.000  0.000  0.000 39 29
 0.000  0.000  0.000 39 30
 0.000  0.000  0.000 39 31
 0.000  0.000  0.000 39 32
 0.000  0.000  0.000 39 33
 0.000  0.000  0.000 39 34
 0.000  0.000  0.000 39 35
 0.000  0.000  0.000 39 36
 0.000  0.000  0.000 39 37
 0.000  0.000  0.000 39 38
 0.000  0.000  0.000 39 39
 0.000  0.000  0.000 39 40
 0.000  0.000  0.000 39 41
 0.000  0.000  0.000 39 42
 0.000  0.000  0.000 39 43
 0.000  0.000  0.000 39 44
 0.000  0.000  0.000 40 0
 0.000  0.000  0.000 40 1
 0.000  0.000  0.000 40 2
 0.000  0.000  0.000 40 3
 0.000  0.000  0.000 40 4
 0.000  0.000  0.000 40 5
 0.000  0.000  0.000 40 6
 0.000  0.000  0.000 40 7
 0.000  0.000  0.000 40 8
 0.000  0.000  0.000 40 9
 0.000  0.000  0.000 40 10
 0.000  0.000  0.000 40 11
 0.000  0.000  0.000 40 12
 0.000  0.000  0.000 40 13
 0.000  0.000  0.000 40 14
 0.000  0.000  0.000 40 15
 0.000  0.000  0.000 40 16
 0.000  0.000  0.000 40 17
 0.000  0.000  0.000 40 18
 0.000  0.000  0.000 40 19
 0.000  0.000  0.000 40 20
 0.000  0.000  0.000 40 21
 0.000  0.000  0.000 40 22
 0.000  0.000  0.000 40 23
 0.000  0.000  0.000 40 24
 0.000  0.000  0.000 40 25
 0.000  0.000  0.000 40 26
 0.000  0.000  0.000 40 27
 0.000  0.000  0.000 40 28
 0.000  0.000  0.000 40 29
 0.000  0.000  0.000 40 30
 0.000  0.000  0.000 40 31
 0.000  0.000  0.000 40 32
 0.000  0.000  0.000 40 33
 0.000  0.000  0.000 40 34
 0.000  0.000  0.000 40 35
 0.000  0.000  0.000 40 36
 0.000  0.000  0.000 40 37
 0.000  0.000  0.000 40 38
 0.000  0.000  0.000 40 39
 0.000  0.000  0.000 40 40
 0.000  0.000  0.000 40 41
 0.000  0.000  0.000 40 42
 0.000  0.000  0.000 40 43
 0.000  0.000  0.000 40 44
 0.000  0.000  0.000 41 0
 0.000  0.000  0.000 41 1
 0.000  0.000  0.000 41 2
 0.000  0.000  0.000 41 3
 0.000  0.000  0.000 41 4
 0.000  0.000  0.000 41 5
 0.000  0.000  0.000 41 6
 0.000  0.000  0.000 41 7
 0.000  0.000  0.000 41 8
 0.000  0.000  0.000 41 9
 0.000  0.000  0.000 41 10
 0.000  0.000  0.000 41 11
 0.000  0.000  0.000 41 12
 0.000  0.000  0.000 41 13
 0.000  0.000  0.000 41 14
 0.000  0.000  0.000 41 15
 0.000  0.000  0.000 41 16
 0.000  0.000  0.000 41 17
 0.000  0.000  0.000 41 18
 0.000  0.000  0.000 41 19
 0.000  0.000  0.000 41 20
 0.000  0.000  0.000 41 21
 0.000  0.000  0.000 41 22
 0.000  0.000  0.000 41 23
 0.000  0.000  0.000 41 24
 0.000  0.000  0.000 41 25
 0.000  0.000  0.000 41 26
 0.000  0.000  0.000 41 27
 0.000  0.000  0.000 41 28
 0.000  0.000  0.000 41 29
 0.000  0.000  0.000 41 30
 0.000  0.000  0.000 41 31
 0.000  0.000  0.000 41 32
 0.000  0.000  0.000 41 33
 0.000  0.000  0.000 41 34
 0.000  0.000  0.000 41 35
 0.000  0.000  0.000 41 36
 0.000  0.000  0.000 41 37
 0.000  0.000  0.000 41 38
 0.000  0.000  0.000 41 39
 0.000  0.000  0.000 41 40
 0.000  0.000  0.000 41 41
 0.000  0.000  0.000 41 42
 0.000  0.000  0.000 41 43
 0.000  0.000  0.000 41 44
 0.000  0.000  0.000 42 0
 0.000  0.000  0.000 42 1
 0.000  0.000  0.000 42 2
 0.000  0.000  0.000 42 3
 0.000  0.000  0.000 42 4
 0.000  0.000  0.000 42 5
 0.000  0.000  0.000 42 6
 0.000  0.000  0.000 42 7
 0.000  0.000  0.000 42 8
 0.000  0.000  0.000 42 9
 0.000  0.000  0.000 42 10
 0.000  0.000  0.000 42 11
 0.000  0.000  0.000 42 12
 0.000  0.000  0.000 42 13
 0.000  0.000  0.000 42 14
 0.000  0.000  0.000 42 15
 0.000  0.000  0.000 42 16
 0.000  0.000  0.000 42 17
 0.000  0.000  0.000 42 18
 0.000  0.000  0.000 42 19
 0.000  0.000  0.000 42 20
 0.000  0.000  0.000 42 21
 0.000  0.000  0.000 42 22
 0.000  0.000  0.000 42 23
 0.000  0.000  0.000 42 24
 0.000  0.000  0.000 42 25
 0.000  0.000  0.000 42 26
 0.000  0.000  0.000 42 27
 0.000  0.000  0.000 42 28
 0.000  0.000  0.000 42 29
 0.000  0.000  0.000 42 30
 0.000  0.000  0.000 42 31
 0.000  0.000  0.000 42 32
 0.000  0.000  0.000 42 33
 0.000  0.000  0.000 42 34
 0.000  0.000  0.000 42 35
 0.000  0.000  0.000 42 36
 0.000  0.000  0.000 42 37
 0.000  0.000  0.000 42 38
 0.000  0.000  0.000 42 39
 0.000  0.000  0.000 42 40
 0.000  0.000  0.000 42 41
 0.000  0.000  0.000 42 42
 0.000  0.000  0.000 42 43
 0.000  0.000  0.000 42 44
 0.000  0.000  0.000 43 0
 0.000  0.000  0.000 43 1
 0.000  0.000  0.000 43 2
 0.000  0.000  0.000 43 3
 0.000  0.000  0.000 43 4
 0.000  0.000  0.000 43 5
 0.000  0.000  0.000 43 6
 0.000  0.000  0.000 43 7
 0.000  0.000  0.000 43 8
 0.000  0.000  0.000 43 9
 0.000  0.000  0.000 43 10
 0.000  0.000  0.000 43 11
 0.000  0.000  0.000 43 12
 0.000  0.000  0.000 43 13
 0.000  0.000  0.000 43 14
 0.000  0.000  0.000 43 15
 0.000  0.000  0.000 43 16
 0.000  0.000  0.000 43 17
 0.000  0.000  0.000 43 18
 0.000  0.000  0.000 43 19
 0.000  0.000  0.000 43 20
 0.000  0.000  0.000 43 21
 0.000  0.000  0.000 43 22
 0.000  0.000  0.000 43 23
 0.000  0.000  0.000 43 24
 0.000  0.000  0.000 43 25
 0.000  0.000  0.000 43 26
 0.000  0.000  0.000 43 27
 0.000  0.000  0.000 43 28
 0.000  0.000  0.000 43 29
 0.000  0.000  0.000 43 30
 0.000  0.000  0.000 43 31
 0.000  0.000  0.000 43 32
 0.000  0.000  0.000 43 33
 0.000  0.000  0.000 43 34
 0.000  0.000  0.000 43 35
 0.000  0.000  0.000 43 36
 0.000  0.000  0.000 43 37
 0.000  0.000  0.000 43 38
 0.000  0.000  0.000 43 39
 0.000  0.000  0.000 43 40
 0.000  0.000  0.000 43 41
 0.000  0.000  0.000 43 42
 0.000  0.000  0.000 43 43
 0.000  0.000  0.000 43 44
 0.000  0.000  0.000 44 0
 0.000  0.000  0.000 44 1
 0.000  0.000  0.000 44 2
 0.000  0.000  0.000 44 3
 0.000  0.000  0.000 44 4
 0.000  0.000  0.000 44 5
 0.000  0.000  0.000 44 6
 0.000  0.000  0.000 44 7
 0.000  0.000  0.000 44 8
 0.000  0.000  0.000 44 9
 0.000  0.000  0.000 44 10
 0.000  0.000  0.000 44 11
 0.000  0.000  0.000 44 12
 0.000  0.000  0.000 44 13
 0.000  0.000  0.000 44 14
 0.000  0.000  0.000 44 15
 0.000  0.000  0.000 44 16
 0.000  0.000  0.000 44 17
 0.000  0.000  0.000 44 18
 0.000  0.000  0.000 44 19
 0.000  0.000  0.000 44 20
 0.000  0.000  0.000 44 21
 0.000  0.000  0.000 44 22
 0.000  0.000  0.000 44 23
 0.000  0.000  0.000 44 24
 0.000  0.000  0.000 44 25
 0.000  0.000  0.000 44 26
 0.000  0.000  0.000 44 27
 0.000  0.000  0.000 44 28
 0.000  0.000  0.000 44 29
 0.000  0.000  0.000 44 30
 0.000  0.000  0.000 44 31
 0.000  0.000  0.000 44 32
 0.000  0.000  0.000 44 33
 0.000  0.000  0.000 44 34
 0.000  0.000  0.000 44 35
 0.000  0.000  0.000 44 36
 0.000  0.000  0.000 44 37
 0.000  0.000  0.000 44 38
 0.000  0.000  0.000 44 39
 0.000  0.000  0.000 44 40
 0.000  0.000  0.000 44 41
 0.000  0.000  0.000 44 42
 0.000  0.000  0.000 44 43
 0.000  0.000  0.000 44 44
