21.468512,84.031151,1,0,0
50.791660,82.520172,2,0,0
81.724304,81.907616,3,0,0
112.278191,80.726006,4,0,0
142.253098,79.815514,5,0,0
173.516968,79.949242,6,0,0
205.584595,79.276764,7,0,0
236.143677,77.986092,8,0,0
267.670990,77.342804,9,0,0
298.640259,77.283974,10,0,0
330.034576,77.509659,11,0,0
362.681000,76.863464,12,0,0
394.316742,77.660751,13,0,0
425.862640,76.140137,14,0,0
457.825531,76.217209,15,0,0
489.843475,75.450958,16,0,0
521.694519,75.449562,17,0,0
553.609741,74.248688,18,0,0
586.083313,75.371147,19,0,0
618.382813,75.500488,20,0,0
650.272827,75.499809,21,0,0
682.202026,75.272812,22,0,0
714.352783,75.416786,23,0,0
746.056580,75.379051,24,0,0
778.785645,75.385353,25,0,0
810.462585,75.519356,26,0,0
842.266907,75.841270,27,0,0
874.594360,75.568451,28,0,0
906.357605,76.109596,29,0,0
938.064514,76.341194,30,0,0
970.281189,77.197235,31,0,0
1002.506958,77.131516,32,0,0
1032.849731,77.305733,33,0,0
1065.005371,78.141212,34,0,0
1095.901123,78.413589,35,0,0
1127.895386,78.842964,36,0,0
1159.389404,79.009422,37,0,0
1189.480469,79.571182,38,0,0
1220.147095,80.327965,39,0,0
1251.711304,81.691513,40,0,0
20.716270,114.127846,1,1,0
50.278961,113.579269,2,1,0
79.412292,113.713104,3,1,0
110.957008,111.545456,4,1,0
142.719406,111.208107,5,1,0
173.422409,110.126968,6,1,0
203.469360,110.627197,7,1,0
235.698486,110.707733,8,1,0
267.195068,109.565941,9,1,0
298.642853,108.997322,10,1,0
330.253021,108.519615,11,1,0
362.445129,108.630402,12,1,0
393.404022,109.361710,13,1,0
425.812958,107.923508,14,1,0
457.274933,108.302307,15,1,0
489.897552,106.697411,16,1,0
521.301025,107.707253,17,1,0
553.954651,107.571945,18,1,0
585.813721,106.758064,19,1,0
618.579590,107.244560,20,1,0
649.760559,107.253082,21,1,0
681.487000,107.667854,22,1,0
713.998596,107.187454,23,1,0
746.486755,106.910301,24,1,0
778.560730,106.842300,25,1,0
810.804199,106.929291,26,1,0
842.270691,106.998734,27,1,0
874.658264,107.063866,28,1,0
907.683838,108.327576,29,1,0
938.294678,108.521614,30,1,0
970.566589,108.631973,31,1,0
1001.606750,108.635437,32,1,0
1033.506836,108.623398,33,1,0
1065.487183,109.554550,34,1,0
1095.434570,110.741287,35,1,0
1128.385132,110.249435,36,1,0
1158.718506,111.220406,37,1,0
1189.763062,111.065163,38,1,0
1220.324951,111.297348,39,1,0
1251.447754,112.454010,40,1,0
18.818468,145.670135,1,2,0
49.936340,144.916977,2,2,0
79.279312,144.235916,3,2,0
111.097275,143.817245,4,2,0
141.440018,143.209747,5,2,0
173.058105,142.348434,6,2,0
203.199570,141.472778,7,2,0
235.273880,140.979004,8,2,0
266.992157,141.043137,9,2,0
297.649292,140.416183,10,2,0
329.508484,140.498245,11,2,0
361.948120,140.523712,12,2,0
393.464569,139.042938,13,2,0
425.640930,139.360519,14,2,0
456.852509,139.421097,15,2,0
489.475250,139.734207,16,2,0
520.711548,139.162277,17,2,0
554.105408,139.124863,18,2,0
586.361816,139.455002,19,2,0
617.684326,138.908737,20,2,0
650.141602,139.497330,21,2,0
681.382874,139.598511,22,2,0
714.684082,138.732193,23,2,0
746.379395,139.535828,24,2,0
778.281982,138.821945,25,2,0
810.410339,139.244049,26,2,0
842.171326,139.550385,27,2,0
874.944885,139.768158,28,2,0
906.515015,139.250412,29,2,0
938.622681,139.913223,30,2,0
970.400391,139.321777,31,2,0
1002.261658,139.773987,32,2,0
1033.456299,140.676697,33,2,0
1066.130859,141.664505,34,2,0
1097.599243,141.811188,35,2,0
1129.094971,142.581970,36,2,0
1159.261353,142.191437,37,2,0
1190.776855,142.355316,38,2,0
1222.108521,143.379471,39,2,0
1252.777466,143.684738,40,2,0
18.803905,176.359222,1,3,0
48.965271,175.350510,2,3,0
79.115273,175.537109,3,3,0
110.437836,173.367737,4,3,0
140.852814,174.654388,5,3,0
172.592255,174.412949,6,3,0
203.471588,172.636047,7,3,0
233.969223,172.604874,8,3,0
266.635406,172.709015,9,3,0
297.476105,172.535156,10,3,0
329.282135,172.241821,11,3,0
361.719971,172.193939,12,3,0
392.654724,171.468018,13,3,0
425.134308,171.970840,14,3,0
456.678589,171.316254,15,3,0
489.297150,171.008072,16,3,0
520.723022,171.235855,17,3,0
553.529175,171.248489,18,3,0
585.252258,170.930527,19,3,0
617.544800,171.130997,20,3,0
649.967712,170.758713,21,3,0
681.757080,170.967163,22,3,0
714.192932,170.292725,23,3,0
746.359741,170.226151,24,3,0
778.667664,171.481476,25,3,0
810.431213,171.354034,26,3,0
842.903015,170.816498,27,3,0
875.466675,171.674805,28,3,0
906.835632,171.254410,29,3,0
938.675232,171.287262,30,3,0
970.889954,170.753906,31,3,0
1002.585266,172.167175,32,3,0
1034.643799,172.595428,33,3,0
1066.727905,172.657944,34,3,0
1097.707397,173.285110,35,3,0
1129.386963,173.351013,36,3,0
1159.526733,173.274109,37,3,0
1191.532349,174.684891,38,3,0
1222.452271,174.853378,39,3,0
1253.281738,175.515121,40,3,0
17.205259,207.973541,1,4,0
47.973736,207.275208,2,4,0
78.473145,206.699371,3,4,0
109.385201,205.861450,4,4,0
140.346024,206.297348,5,4,0
171.110336,204.766479,6,4,0
203.337524,205.728668,7,4,0
234.551880,204.648209,8,4,0
265.657928,204.538544,9,4,0
297.688690,203.557907,10,4,0
329.300018,204.478394,11,4,0
361.498016,203.708466,12,4,0
393.708435,203.499329,13,4,0
425.266876,203.274231,14,4,0
456.888428,203.019730,15,4,0
489.012024,202.638062,16,4,0
520.390869,202.733871,17,4,0
553.088623,203.215469,18,4,0
617.725159,202.568253,20,4,0
650.236511,202.412933,21,4,0
681.945435,202.481995,22,4,0
714.044250,202.518005,23,4,0
746.669373,203.266464,24,4,0
778.138062,202.411469,25,4,0
811.019226,202.743713,26,4,0
842.563049,203.654266,27,4,0
875.733032,202.521606,28,4,0
906.708252,203.092148,29,4,0
938.751770,203.305359,30,4,0
970.395447,204.171097,31,4,0
1003.690979,203.736588,32,4,0
1034.508789,203.913116,33,4,0
1066.338745,204.624100,34,4,0
1097.624756,204.306442,35,4,0
1129.271851,205.077759,36,4,0
1160.066406,204.904144,37,4,0
1192.411011,206.241714,38,4,0
1222.863281,206.319870,39,4,0
1253.652588,207.285385,40,4,0
16.821449,239.506683,1,5,0
47.550056,239.235107,2,5,0
78.301338,238.308258,3,5,0
109.284554,237.971756,4,5,0
138.991653,237.601120,5,5,0
171.752701,237.149994,6,5,0
202.716751,236.767776,7,5,0
234.145737,236.746597,8,5,0
265.760254,236.392487,9,5,0
296.628632,235.625916,10,5,0
328.945618,235.323486,11,5,0
360.981781,235.684662,12,5,0
393.474121,234.987305,13,5,0
424.400391,234.823227,14,5,0
456.808960,235.273987,15,5,0
489.612549,234.778839,16,5,0
521.286194,234.396622,17,5,0
552.578796,233.898071,18,5,0
585.475586,234.868805,19,5,0
616.998779,235.325378,20,5,0
649.694702,234.774704,21,5,0
682.006592,234.337753,22,5,0
714.401794,235.495331,23,5,0
746.194580,234.402191,24,5,0
779.058472,234.685516,25,5,0
810.573242,234.589737,26,5,0
842.700806,234.856125,27,5,0
874.829224,235.646988,28,5,0
907.295105,235.970718,29,5,0
938.857300,236.169815,30,5,0
970.589355,235.569748,31,5,0
1003.282043,235.977234,32,5,0
1035.480347,236.633072,33,5,0
1066.369507,235.979309,34,5,0
1097.739258,235.708664,35,5,0
1129.295898,236.406921,36,5,0
1160.533447,237.586182,37,5,0
1192.377686,237.504150,38,5,0
1223.383179,237.560410,39,5,0
1254.182861,238.563965,40,5,0
16.742756,271.443604,1,6,0
47.448467,270.225128,2,6,0
77.859764,269.445251,3,6,0
109.651901,269.213501,4,6,0
139.509277,270.147400,5,6,0
171.067642,268.879272,6,6,0
202.193680,269.031250,7,6,0
233.756256,267.551422,8,6,0
265.301147,268.762024,9,6,0
297.382385,267.972107,10,6,0
329.132111,267.374451,11,6,0
360.741241,267.612732,12,6,0
392.515320,267.388763,13,6,0
424.802277,267.315979,14,6,0
456.490814,267.376617,15,6,0
489.001862,267.588776,16,6,0
521.221375,266.985352,17,6,0
553.439392,266.929871,18,6,0
585.089478,266.700378,19,6,0
618.040833,266.730438,20,6,0
649.703369,266.635284,21,6,0
682.288574,267.224609,22,6,0
713.590576,266.735077,23,6,0
746.507202,266.569427,24,6,0
778.465698,266.403473,25,6,0
810.488831,267.506195,26,6,0
842.755432,267.718506,27,6,0
875.269714,267.293945,28,6,0
907.369873,267.289185,29,6,0
939.575867,267.576172,30,6,0
971.697266,267.867859,31,6,0
1003.546265,267.553040,32,6,0
1034.949219,267.386810,33,6,0
1066.717041,267.764557,34,6,0
1098.689819,268.675323,35,6,0
1130.078247,268.555450,36,6,0
1160.812988,269.701904,37,6,0
1193.013794,269.160828,38,6,0
1224.392090,269.214355,39,6,0
1254.544678,269.917664,40,6,0
16.357920,302.271515,1,7,0
46.900433,302.538239,2,7,0
76.909065,301.682037,3,7,0
107.483589,301.829803,4,7,0
139.429031,301.354523,5,7,0
170.802902,299.968689,6,7,0
202.512650,300.136444,7,7,0
233.335861,300.507629,8,7,0
265.504791,300.037628,9,7,0
296.837952,299.992493,10,7,0
328.818573,299.734894,11,7,0
360.214325,299.950684,12,7,0
392.559998,299.438324,13,7,0
424.905396,299.881592,14,7,0
456.686401,299.613373,15,7,0
488.622650,298.780945,16,7,0
520.902161,299.072632,17,7,0
553.376099,299.542023,18,7,0
585.573547,298.986084,19,7,0
617.484070,298.692963,20,7,0
649.618958,298.667511,21,7,0
681.961670,298.987976,22,7,0
714.625061,299.555634,23,7,0
746.397888,298.748657,24,7,0
778.968140,298.640686,25,7,0
811.082336,299.092712,26,7,0
843.658386,299.664795,27,7,0
875.255249,299.279053,28,7,0
907.404236,300.605469,29,7,0
938.671631,299.263824,30,7,0
971.596558,299.284912,31,7,0
1003.196838,300.357574,32,7,0
1034.278442,299.266968,33,7,0
1067.188965,299.832947,34,7,0
1099.585205,300.624664,35,7,0
1130.457642,300.175903,36,7,0
1161.477295,301.052887,37,7,0
1193.168945,301.440002,38,7,0
1224.043945,301.587341,39,7,0
1255.651978,302.630219,40,7,0
16.496544,333.801208,1,8,0
45.233746,333.776459,2,8,0
76.603035,334.136475,3,8,0
108.173058,333.535065,4,8,0
138.552902,333.184753,5,8,0
170.544388,333.306732,6,8,0
201.618469,331.942291,7,8,0
233.025345,332.308228,8,8,0
265.399963,331.618530,9,8,0
297.292938,332.067780,10,8,0
328.257813,332.068756,11,8,0
360.718719,331.713043,12,8,0
392.044098,331.898956,13,8,0
424.462738,330.868774,14,8,0
456.723053,331.687744,15,8,0
488.559845,331.584564,16,8,0
520.619873,330.748047,17,8,0
553.017578,331.421875,18,8,0
585.833862,331.525970,19,8,0
617.249451,331.402618,20,8,0
649.536865,331.018799,21,8,0
681.877686,331.548523,22,8,0
714.942383,330.988251,23,8,0
746.573120,331.275940,24,8,0
779.031616,331.218140,25,8,0
811.299622,331.147675,26,8,0
843.505127,331.345947,27,8,0
875.409363,331.901276,28,8,0
907.405640,331.605713,29,8,0
939.671021,332.207397,30,8,0
971.425415,332.043396,31,8,0
1003.210083,332.126678,32,8,0
1035.657959,331.633484,33,8,0
1067.495605,331.907684,34,8,0
1099.261597,331.928162,35,8,0
1130.312256,332.754822,36,8,0
1162.373047,332.789856,37,8,0
1192.667480,332.500732,38,8,0
1225.016724,332.832642,39,8,0
1255.308716,333.541077,40,8,0
15.575837,366.444763,1,9,0
46.558990,365.522888,2,9,0
76.622925,365.359833,3,9,0
107.307411,365.710724,4,9,0
138.648270,364.448120,5,9,0
170.151031,364.855133,6,9,0
201.090393,364.247284,7,9,0
233.491348,364.276855,8,9,0
264.937195,363.782959,9,9,0
296.252777,363.885681,10,9,0
328.950134,363.341797,11,9,0
360.443115,363.667938,12,9,0
392.377075,363.651184,13,9,0
424.856476,363.514282,14,9,0
456.368164,363.444153,15,9,0
489.925415,363.234497,16,9,0
521.416077,363.005798,17,9,0
553.172363,363.467255,18,9,0
586.103394,363.641205,19,9,0
617.628357,363.034882,20,9,0
650.059448,363.423492,21,9,0
682.216003,362.304993,22,9,0
714.692810,363.722076,23,9,0
747.377563,363.559723,24,9,0
778.704529,363.589539,25,9,0
811.595825,363.787292,26,9,0
843.203796,363.571136,27,9,0
875.560486,363.372803,28,9,0
908.358337,363.630402,29,9,0
940.171997,364.011536,30,9,0
971.718994,363.393036,31,9,0
1003.629639,363.959564,32,9,0
1035.615845,363.884705,33,9,0
1066.955078,363.424011,34,9,0
1098.780518,363.961517,35,9,0
1130.089844,365.563843,36,9,0
1161.509644,364.730164,37,9,0
1193.176270,365.185547,38,9,0
1224.685913,365.335510,39,9,0
1254.741699,364.703888,40,9,0
14.716482,397.383026,1,10,0
45.028709,397.590820,2,10,0
76.744125,397.161407,3,10,0
107.470154,396.390686,4,10,0
138.654175,396.436279,5,10,0
170.702332,397.028931,6,10,0
200.969498,396.392120,7,10,0
232.794250,396.287476,8,10,0
265.086090,396.080536,9,10,0
296.980957,396.452637,10,10,0
328.712738,395.526306,11,10,0
359.748718,395.593170,12,10,0
392.308441,395.768921,13,10,0
423.748810,396.102203,14,10,0
456.692993,395.664032,15,10,0
488.403839,395.213745,16,10,0
520.843750,395.886475,17,10,0
553.072571,395.925934,18,10,0
585.609253,394.295959,19,10,0
617.583740,395.763611,20,10,0
649.530334,395.506012,21,10,0
681.936340,395.007538,22,10,0
714.277771,395.412262,23,10,0
746.672241,395.031860,24,10,0
779.541321,395.033295,25,10,0
811.034424,396.131073,26,10,0
843.075562,396.058807,27,10,0
875.685852,395.362061,28,10,0
907.939026,395.740997,29,10,0
939.583130,396.396332,30,10,0
972.000977,395.610474,31,10,0
1003.369568,395.497406,32,10,0
1036.059082,395.989197,33,10,0
1066.572021,396.225525,34,10,0
1100.474854,396.637268,35,10,0
1129.939941,396.297760,36,10,0
1162.692993,396.040619,37,10,0
1193.317871,396.598358,38,10,0
1224.276245,397.019348,39,10,0
1255.701660,397.662537,40,10,0
15.303946,429.627563,1,11,0
45.275593,429.192566,2,11,0
76.631042,428.430450,3,11,0
107.334152,428.644775,4,11,0
138.385666,428.585938,5,11,0
169.969986,427.734467,6,11,0
201.704010,428.682831,7,11,0
233.190338,428.591278,8,11,0
265.088379,428.089508,9,11,0
296.441864,428.542145,10,11,0
328.631561,427.811218,11,11,0
360.715393,427.715698,12,11,0
392.020721,427.981354,13,11,0
424.455963,428.429718,14,11,0
456.565094,427.498047,15,11,0
488.308716,427.493988,16,11,0
520.698914,427.746674,17,11,0
552.769897,427.342651,18,11,0
585.155457,428.388397,19,11,0
616.609436,427.370056,20,11,0
650.559326,427.417206,21,11,0
682.678833,427.622986,22,11,0
714.242615,427.931793,23,11,0
746.382385,427.390320,24,11,0
778.964966,427.632904,25,11,0
811.325623,427.627869,26,11,0
843.798401,428.199493,27,11,0
874.593262,428.626740,28,11,0
908.106567,427.882996,29,11,0
940.212708,428.012512,30,11,0
971.734131,427.328308,31,11,0
1004.326355,428.101471,32,11,0
1036.493408,428.063843,33,11,0
1067.493286,427.292542,34,11,0
1098.888916,427.468567,35,11,0
1131.229004,428.624786,36,11,0
1162.319824,428.570190,37,11,0
1193.271484,428.342072,38,11,0
1224.612305,428.607239,39,11,0
1255.659180,429.221741,40,11,0
14.504146,460.670013,1,12,0
45.743053,460.725281,2,12,0
75.606743,461.404999,3,12,0
107.347115,460.394348,4,12,0
138.562256,460.198792,5,12,0
170.140762,460.455536,6,12,0
201.652069,460.199738,7,12,0
233.270081,460.340393,8,12,0
265.211578,459.743469,9,12,0
296.180023,460.144043,10,12,0
328.348328,460.824799,11,12,0
361.327850,459.946381,12,12,0
392.053314,460.455536,13,12,0
424.582123,460.643341,14,12,0
456.245483,459.663177,15,12,0
489.183563,459.680908,16,12,0
521.293823,459.469635,17,12,0
553.270996,459.429077,18,12,0
585.451660,460.677490,19,12,0
617.299805,460.743774,20,12,0
650.366760,460.537231,21,12,0
682.159363,459.749512,22,12,0
714.629150,460.908234,23,12,0
747.473267,460.077393,24,12,0
779.757324,460.404358,25,12,0
810.298950,460.337982,26,12,0
843.288696,459.490021,27,12,0
875.260376,460.417023,28,12,0
907.357910,460.353516,29,12,0
939.464905,461.189575,30,12,0
971.689148,460.333984,31,12,0
1004.320679,460.472992,32,12,0
1035.511963,460.414886,33,12,0
1067.469727,460.325531,34,12,0
1099.539795,460.749359,35,12,0
1131.451660,460.892975,36,12,0
1163.103882,461.036713,37,12,0
1193.235352,460.249023,38,12,0
1224.667114,460.734314,39,12,0
1256.288208,460.260834,40,12,0
14.559123,492.616730,1,13,0
45.518635,492.647552,2,13,0
76.571983,492.892914,3,13,0
106.680153,492.474670,4,13,0
138.686844,492.350616,5,13,0
170.354889,492.467712,6,13,0
200.658035,492.371460,7,13,0
232.393661,492.719818,8,13,0
264.945221,492.804718,9,13,0
296.579376,492.822388,10,13,0
328.306763,492.411987,11,13,0
360.140045,491.818542,12,13,0
392.562958,492.282410,13,13,0
423.792450,491.519043,14,13,0
456.351349,492.357452,15,13,0
488.783325,492.608032,16,13,0
520.894165,492.290161,17,13,0
552.613586,492.439056,18,13,0
585.535461,492.382629,19,13,1
617.802246,492.095306,20,13,1
651.814514,491.918488,21,13,1
682.555725,492.007050,22,13,1
714.667480,492.317383,23,13,0
746.662781,493.152863,24,13,0
779.512756,491.795990,25,13,0
811.012817,491.911957,26,13,0
843.371826,492.295135,27,13,0
876.172485,492.353577,28,13,0
907.397339,492.293823,29,13,0
939.633972,492.315460,30,13,0
972.359558,492.687042,31,13,0
1004.461243,492.142029,32,13,0
1035.001709,492.473846,33,13,0
1067.543945,491.933472,34,13,0
1098.824829,492.406281,35,13,0
1130.265381,492.406891,36,13,0
1162.494385,493.225861,37,13,0
1193.393555,492.475494,38,13,0
1225.320801,492.013763,39,13,0
1256.324341,492.359558,40,13,0
14.998650,524.279114,1,14,0
45.360958,524.399231,2,14,0
75.949471,523.954163,3,14,0
107.646271,523.907837,4,14,0
138.238846,524.766235,5,14,0
169.813477,524.243469,6,14,0
200.714096,524.733398,7,14,0
232.621597,524.652100,8,14,0
264.915924,524.294067,9,14,0
296.108276,524.615662,10,14,0
327.749664,525.032166,11,14,0
360.534058,524.909241,12,14,0
392.687195,524.470032,13,14,0
424.544922,524.086304,14,14,0
456.552643,525.211792,15,14,0
489.626526,524.330811,16,14,0
520.969299,525.116089,17,14,0
553.333618,524.611084,18,14,0
585.454285,524.244141,19,14,1
617.277344,524.565918,20,14,1
650.015076,523.571167,21,14,1
682.275146,524.640442,22,14,1
714.743286,525.188171,23,14,0
747.203125,523.505676,24,14,0
778.639160,525.602417,25,14,0
811.263428,524.460327,26,14,0
843.371521,524.874939,27,14,0
875.422241,524.643433,28,14,0
907.423767,524.311829,29,14,0
939.832397,524.961853,30,14,0
972.070251,524.552368,31,14,0
1003.717407,524.609497,32,14,0
1035.793457,525.124634,33,14,0
1067.656006,524.795715,34,14,0
1098.795288,523.376709,35,14,0
1130.239990,524.534607,36,14,0
1162.630737,524.523499,37,14,0
1193.423950,524.888977,38,14,0
1225.326538,523.981934,39,14,0
1256.391479,524.558350,40,14,0
15.247128,556.154480,1,15,0
44.608440,556.232971,2,15,0
76.250313,555.815552,3,15,0
107.599808,555.744080,4,15,0
137.909378,555.894165,5,15,0
170.746719,556.588379,6,15,0
201.459915,556.539246,7,15,0
232.504623,556.315186,8,15,0
264.263397,556.558716,9,15,0
296.572784,557.129944,10,15,0
327.918610,556.700562,11,15,0
361.055939,557.188171,12,15,0
392.459625,557.515259,13,15,0
424.284546,557.321411,14,15,0
456.539398,556.463684,15,15,0
488.320587,556.583252,16,15,0
520.494568,556.834473,17,15,0
553.081482,555.817932,18,15,0
584.362366,556.687805,19,15,1
617.379639,556.714844,20,15,1
650.095947,557.744873,21,15,1
682.004578,557.036377,22,15,1
714.237366,556.967102,23,15,0
746.796021,557.114563,24,15,0
779.032288,557.714111,25,15,0
810.270447,557.368958,26,15,0
843.264709,556.338196,27,15,0
875.801453,557.308472,28,15,0
908.019165,557.200684,29,15,0
940.075317,557.515747,30,15,0
971.383911,556.737671,31,15,0
1003.778931,555.933960,32,15,0
1035.666626,556.625732,33,15,0
1067.298706,556.959106,34,15,0
1099.611206,556.264832,35,15,0
1130.513062,555.822327,36,15,0
1162.357300,556.584961,37,15,0
1193.404053,556.354858,38,15,0
1225.046265,556.269287,39,15,0
1256.451782,555.964844,40,15,0
14.969242,588.202576,1,16,0
45.394325,588.148804,2,16,0
76.576340,588.457825,3,16,0
107.333153,588.397400,4,16,0
138.557755,588.145569,5,16,0
170.928284,589.122559,6,16,0
201.020767,589.421204,7,16,0
232.679932,588.286926,8,16,0
264.392334,588.264221,9,16,0
295.583435,588.529541,10,16,0
328.945679,589.272705,11,16,0
359.701477,589.553223,12,16,0
393.099792,589.018860,13,16,0
456.736237,588.812683,15,16,0
488.891541,589.056824,16,16,0
521.312683,588.633728,17,16,0
553.281067,588.633362,18,16,0
585.593750,589.755066,19,16,1
617.521973,589.416504,20,16,1
650.061768,588.847229,21,16,1
682.482605,589.290100,22,16,1
714.569580,588.621704,23,16,0
746.837280,588.456543,24,16,0
778.851746,588.523499,25,16,0
811.510559,589.486389,26,16,0
843.571228,589.612671,27,16,0
875.660767,589.385925,28,16,0
908.141907,589.218445,29,16,0
939.797180,588.658813,30,16,0
971.532227,588.788879,31,16,0
1003.703979,589.195374,32,16,0
1035.700806,589.879089,33,16,0
1066.685181,588.340881,34,16,0
1099.222168,588.554871,35,16,0
1130.417114,588.335449,36,16,0
1162.400635,588.841797,37,16,0
1193.127075,588.315063,38,16,0
1225.374023,588.508545,39,16,0
1256.553711,588.638428,40,16,0
15.380795,619.469421,1,17,0
46.416737,620.162048,2,17,0
76.488159,619.173157,3,17,0
107.771027,620.637939,4,17,0
138.281418,620.001526,5,17,0
170.692978,620.261841,6,17,0
201.086777,619.924988,7,17,0
233.508942,620.615784,8,17,0
265.324432,620.290588,9,17,0
296.425781,621.414673,10,17,0
328.652496,620.598999,11,17,0
392.452240,621.546509,13,17,0
424.334656,621.544922,14,17,0
456.416779,621.218384,15,17,0
489.519135,621.490967,16,17,0
520.902832,621.091614,17,17,0
553.640259,621.310730,18,17,0
585.483276,621.671692,19,17,0
617.558167,621.307251,20,17,0
650.198242,621.494019,21,17,0
681.869019,621.179138,22,17,0
714.280640,621.296326,23,17,0
747.202698,622.183899,24,17,0
778.012817,622.048828,25,17,0
811.355774,621.312256,26,17,0
842.731995,621.713013,27,17,0
875.504456,621.673157,28,17,0
907.611450,620.618225,29,17,0
940.389648,621.375366,30,17,0
972.023621,621.171875,31,17,0
1003.640381,620.722168,32,17,0
1035.683105,620.604126,33,17,0
1066.516846,620.757996,34,17,0
1099.722778,619.341736,35,17,0
1130.664307,621.513428,36,17,0
1162.344482,620.521484,37,17,0
1193.380127,620.880432,38,17,0
1225.706421,619.449280,39,17,0
1256.579346,619.680054,40,17,0
15.585670,651.522156,1,18,0
45.751579,651.705444,2,18,0
76.904747,651.509460,3,18,0
107.373062,651.327576,4,18,0
138.910339,652.299866,5,18,0
169.552963,652.232666,6,18,0
202.201370,652.675659,7,18,0
233.020691,653.478394,8,18,0
265.389801,652.930176,9,18,0
296.347015,653.672668,10,18,0
328.242523,653.010498,11,18,0
360.994843,652.699341,12,18,0
392.420532,653.414429,13,18,0
424.802856,653.541565,14,18,0
456.171783,653.411316,15,18,0
488.512878,653.648987,16,18,0
520.588135,653.870972,17,18,0
553.554871,653.631042,18,18,0
585.446106,654.294189,19,18,0
617.191406,653.948669,20,18,0
650.188538,653.633545,21,18,0
682.701050,653.841431,22,18,0
714.021179,654.365662,23,18,0
747.271423,653.311646,24,18,0
778.640503,653.991699,25,18,0
811.241516,654.112122,26,18,0
843.238647,653.789612,27,18,0
875.481934,653.339783,28,18,0
908.007263,653.576599,29,18,0
939.484375,653.404297,30,18,0
972.141235,653.749878,31,18,0
1002.993286,654.056335,32,18,0
1035.650757,652.973267,33,18,0
1067.708862,652.419006,34,18,0
1099.001343,652.982971,35,18,0
1130.059204,652.752747,36,18,0
1162.668823,652.593506,37,18,0
1194.057129,652.308105,38,18,0
1224.426880,651.879089,39,18,0
1256.116821,651.695251,40,18,0
16.192896,682.994141,1,19,0
46.085419,683.420959,2,19,0
77.174904,683.463318,3,19,0
107.736107,683.465942,4,19,0
139.252823,684.707214,5,19,0
170.411530,684.165894,6,19,0
201.980865,685.366089,7,19,0
233.965668,684.955444,8,19,0
264.896301,685.512573,9,19,0
296.757324,684.910706,10,19,0
328.711853,684.629822,11,19,0
360.531891,685.593689,12,19,0
392.370300,685.382324,13,19,0
424.410187,685.494263,14,19,0
456.428741,685.343323,15,19,0
488.519501,685.337830,16,19,0
520.848694,686.111145,17,19,0
552.362610,686.487854,18,19,0
584.587097,685.697693,19,19,0
617.199707,686.399231,20,19,0
649.921509,685.692200,21,19,0
682.684082,685.962402,22,19,0
714.807678,686.486145,23,19,0
747.462036,685.926147,24,19,0
778.566040,685.962891,25,19,0
811.502869,686.326050,26,19,0
843.295593,684.926025,27,19,0
876.043701,685.682434,28,19,0
907.704651,685.407532,29,19,0
940.005493,686.274048,30,19,0
971.428894,686.129944,31,19,0
1003.865784,685.346008,32,19,0
1035.856445,684.721741,33,19,0
1067.529175,685.287231,34,19,0
1098.989136,684.034546,35,19,0
1130.379395,684.381836,36,19,0
1162.643677,683.907898,37,19,0
1192.687012,684.040710,38,19,0
1224.025391,683.618530,39,19,0
1255.502319,683.259827,40,19,0
15.931959,715.328247,1,20,0
46.566582,714.631775,2,20,0
77.164909,715.464600,3,20,0
107.704247,715.369751,4,20,0
140.042511,716.144531,5,20,0
170.571686,716.513733,6,20,0
202.425995,716.030334,7,20,0
233.179794,716.756470,8,20,0
265.030884,716.611572,9,20,0
297.019196,717.465698,10,20,0
328.758118,717.512024,11,20,0
360.419128,717.410767,12,20,0
393.378632,717.671631,13,20,0
424.465393,717.709351,14,20,0
456.758331,718.223816,15,20,0
489.182953,717.522156,16,20,0
520.778870,717.668640,17,20,0
553.448669,717.858582,18,20,0
585.331482,717.663391,19,20,0
617.727722,717.655029,20,20,0
649.798401,719.224609,21,20,0
682.030579,718.252441,22,20,0
715.191101,717.980347,23,20,0
746.474487,718.516174,24,20,0
779.267944,718.471985,25,20,0
811.509277,717.660034,26,20,0
843.605164,718.712952,27,20,0
875.528931,717.343323,28,20,0
907.471191,718.068604,29,20,0
939.409668,717.411926,30,20,0
971.625427,717.899292,31,20,0
1003.643372,717.374451,32,20,0
1035.588989,717.373840,33,20,0
1067.305664,717.538147,34,20,0
1099.273926,716.490234,35,20,0
1130.274170,716.477722,36,20,0
1161.673462,716.632751,37,20,0
1192.410522,716.341064,38,20,0
1224.144531,715.610901,39,20,0
1254.548340,715.502991,40,20,0
16.588999,746.513977,1,21,0
47.134739,746.728577,2,21,0
77.591370,746.515320,3,21,0
108.672432,747.458069,4,21,0
139.648102,748.021912,5,21,0
170.893845,748.375549,6,21,0
202.552917,748.071716,7,21,0
234.503113,748.576538,8,21,0
264.576019,749.561462,9,21,0
296.433441,748.682251,10,21,0
329.122253,749.858215,11,21,0
360.425018,749.281921,12,21,0
392.490540,748.868835,13,21,0
425.100403,749.534790,14,21,0
457.337189,749.859253,15,21,0
488.765472,749.786621,16,21,0
521.260986,750.047241,17,21,0
553.126831,750.383545,18,21,0
585.697754,750.433350,19,21,0
618.418457,750.167847,20,21,0
649.671265,750.737549,21,21,0
682.325989,750.283997,22,21,0
714.759033,749.844421,23,21,0
747.429016,749.885315,24,21,0
778.777100,750.421143,25,21,0
810.507507,750.466003,26,21,0
843.283752,750.636169,27,21,0
874.602844,749.579041,28,21,0
907.375183,749.754211,29,21,0
939.307129,749.590820,30,21,0
971.473511,749.468079,31,21,0
1003.289551,749.556580,32,21,0
1035.564697,748.988647,33,21,0
1066.703979,748.771851,34,21,0
1098.556885,748.903625,35,21,0
1129.835938,748.504517,36,21,0
1161.551392,748.244995,37,21,0
1192.228882,747.637329,38,21,0
1223.967896,746.813843,39,21,0
1254.156860,747.007935,40,21,0
16.416779,777.302856,1,22,0
47.706127,777.944214,2,22,0
78.242020,778.684509,3,22,0
108.714310,779.242676,4,22,0
140.572357,779.233826,5,22,0
171.526276,779.390076,6,22,0
203.444366,780.807068,7,22,0
234.579849,779.635193,8,22,0
265.265564,780.580139,9,22,0
297.135559,781.406677,10,22,0
329.586670,781.844116,11,22,0
360.493744,781.454956,12,22,0
393.713104,781.740295,13,22,0
424.706238,782.391785,14,22,0
456.498444,781.900635,15,22,0
489.321503,781.915710,16,22,0
521.259888,782.344788,17,22,0
553.750061,782.047546,18,22,0
586.234192,782.433960,19,22,0
618.098694,782.444092,20,22,0
649.891724,782.001465,21,22,0
682.020691,782.609924,22,22,0
714.396790,782.140625,23,22,0
746.374634,781.604126,24,22,0
778.948792,782.348511,25,22,0
810.878357,781.559753,26,22,0
843.034485,781.435364,27,22,0
875.250183,780.898926,28,22,0
906.817017,781.562134,29,22,0
938.771790,781.186646,30,22,0
971.568604,781.367310,31,22,0
1003.455261,781.388306,32,22,0
1035.431274,780.348206,33,22,0
1066.696167,780.794312,34,22,0
1098.258423,780.909424,35,22,0
1129.979126,779.813721,36,22,0
1160.259521,779.448425,37,22,0
1193.285645,779.866333,38,22,0
1222.265381,778.977173,39,22,0
1254.166992,779.174011,40,22,0
17.552078,809.271851,1,23,0
47.910446,810.022644,2,23,0
78.305984,809.387024,3,23,0
109.546844,810.354492,4,23,0
140.729126,811.218140,5,23,0
171.860413,811.712158,6,23,0
202.703629,812.203979,7,23,0
234.216522,811.427795,8,23,0
265.575989,812.557556,9,23,0
297.421112,812.400330,10,23,0
330.238129,812.848877,11,23,0
361.539307,812.594238,12,23,0
393.089783,813.614380,13,23,0
424.954468,813.511658,14,23,0
457.297455,813.854187,15,23,0
489.051270,813.946411,16,23,0
521.705994,814.059448,17,23,0
553.683167,813.681580,18,23,0
586.042175,814.014771,19,23,0
617.822937,814.328918,20,23,0
650.654114,814.174622,21,23,0
682.502747,813.966553,22,23,0
714.389343,814.809021,23,23,0
746.563782,814.508240,24,23,0
778.549438,814.406006,25,23,0
810.811768,814.615295,26,23,0
842.543152,814.063660,27,23,0
874.477539,813.749084,28,23,0
907.435974,813.836731,29,23,0
938.772949,813.289734,30,23,0
970.868958,812.597778,31,23,0
1003.433533,813.628235,32,23,0
1034.990723,813.028992,33,23,0
1066.255371,812.595947,34,23,0
1097.985840,812.730103,35,23,0
1130.523193,811.668457,36,23,0
1160.429443,812.420227,37,23,0
1191.649048,810.581482,38,23,0
1223.053955,811.256897,39,23,0
1253.313965,810.241638,40,23,0
18.470881,840.716125,1,24,0
48.225067,841.334229,2,24,0
79.638954,842.106750,3,24,0
110.296310,842.354065,4,24,0
141.724472,843.438354,5,24,0
172.109177,843.291626,6,24,0
203.708282,843.131042,7,24,0
234.349365,843.234802,8,24,0
266.579102,843.927307,9,24,0
297.555420,844.044922,10,24,0
329.564667,844.650696,11,24,0
361.740021,844.867737,12,24,0
393.427368,845.268738,13,24,0
425.289703,845.699768,14,24,0
456.847076,846.239990,15,24,0
489.476715,846.311768,16,24,0
520.523987,846.403320,17,24,0
554.270874,846.174866,18,24,0
585.794312,845.819763,19,24,0
618.060913,846.493591,20,24,0
650.329346,846.097229,21,24,0
682.351990,846.562195,22,24,0
714.388550,846.556946,23,24,0
746.238892,846.275635,24,24,0
778.990906,846.665833,25,24,0
811.745361,846.072083,26,24,0
842.328491,846.269104,27,24,0
874.447144,846.390625,28,24,0
906.573730,845.433777,29,24,0
937.744568,845.900940,30,24,0
970.486084,845.078979,31,24,0
1002.246155,844.508301,32,24,0
1033.859131,844.749023,33,24,0
1066.190552,844.224670,34,24,0
1097.656372,843.663513,35,24,0
1128.936035,842.697266,36,24,0
1160.467529,842.535706,37,24,0
1191.493652,842.556824,38,24,0
1221.671753,843.041809,39,24,0
1253.396729,841.539307,40,24,0
19.366518,870.951294,1,25,0
49.416092,872.593628,2,25,0
80.748672,873.180298,3,25,0
110.477531,873.619141,4,25,0
141.960800,874.279114,5,25,0
173.074249,874.664795,6,25,0
203.641235,875.065552,7,25,0
235.537689,875.593262,8,25,0
266.525757,875.793335,9,25,0
298.453949,876.353210,10,25,0
330.307739,876.782593,11,25,0
362.286133,877.250488,12,25,0
393.297028,878.002930,13,25,0
425.473389,877.686035,14,25,0
456.621429,878.459900,15,25,0
489.698853,877.996887,16,25,0
521.953796,878.423889,17,25,0
553.787354,877.470520,18,25,0
586.039001,878.067139,19,25,0
618.013611,877.989502,20,25,0
649.393982,877.246338,21,25,0
682.139526,877.604797,22,25,0
714.081360,878.288330,23,25,0
746.240417,878.375366,24,25,0
778.292297,877.428162,25,25,0
810.908569,878.062927,26,25,0
842.749023,877.901245,27,25,0
875.148132,877.425903,28,25,0
906.620239,877.860352,29,25,0
938.349854,877.502380,30,25,0
970.290771,876.707275,31,25,0
1001.582336,877.310486,32,25,0
1034.351318,876.348572,33,25,0
1065.596313,875.577332,34,25,0
1097.720825,875.636719,35,25,0
1128.506592,874.860474,36,25,0
1160.454590,874.475891,37,25,0
1190.616577,874.393921,38,25,0
1221.562378,873.737244,39,25,0
1252.974976,873.144470,40,25,0
19.774349,903.447510,1,26,0
49.812584,903.372192,2,26,0
80.872093,903.657593,3,26,0
111.525482,905.465637,4,26,0
141.867279,905.051086,5,26,0
173.057861,906.315063,6,26,0
203.733185,907.263611,7,26,0
235.532242,907.610779,8,26,0
267.250061,907.269592,9,26,0
298.759369,907.324463,10,26,0
329.537476,908.199097,11,26,0
362.274231,909.401978,12,26,0
393.947418,909.563110,13,26,0
425.414124,909.018738,14,26,0
457.677185,908.743713,15,26,0
489.768494,909.462708,16,26,0
522.095215,910.239624,17,26,0
553.414246,910.324341,18,26,0
585.676086,909.582642,19,26,0
618.356628,909.559631,20,26,0
649.811768,909.764038,21,26,0
682.604248,909.598694,22,26,0
714.928650,910.285889,23,26,0
745.913757,910.108032,24,26,0
779.375671,909.624878,25,26,0
809.722168,909.877319,26,26,0
842.316895,909.533264,27,26,0
874.622742,909.387573,28,26,0
906.756897,908.548157,29,26,0
937.388428,909.277283,30,26,0
969.808716,908.515503,31,26,0
1001.662781,908.436523,32,26,0
1033.991943,908.134399,33,26,0
1065.553223,907.897034,34,26,0
1097.650635,907.473267,35,26,0
1127.804932,906.793213,36,26,0
1160.008179,905.696960,37,26,0
1190.086914,905.357300,38,26,0
1220.550415,905.251953,39,26,0
1252.337402,903.955566,40,26,0
20.453018,933.234924,1,27,0
50.325417,934.471191,2,27,0
81.794121,935.711426,3,27,0
112.463120,936.591492,4,27,0
142.674744,936.574219,5,27,0
173.516342,937.368286,6,27,0
204.447922,938.136047,7,27,0
235.632904,938.284790,8,27,0
267.489838,938.329407,9,27,0
299.198883,939.367004,10,27,0
330.459656,939.719238,11,27,0
362.080719,940.450684,12,27,0
394.183441,940.694031,13,27,0
425.665344,940.627869,14,27,0
458.148956,941.023193,15,27,0
489.514771,940.703186,16,27,0
522.233398,941.553833,17,27,0
554.535522,942.414124,18,27,0
585.528748,941.650391,19,27,0
617.924133,941.648743,20,27,0
649.939270,942.518372,21,27,0
681.918701,941.470398,22,27,0
714.246338,941.732605,23,27,0
746.716980,942.351563,24,27,0
778.330139,940.894409,25,27,0
810.690125,941.010376,26,27,0
842.376709,941.169556,27,27,0
874.084290,940.804260,28,27,0
906.345154,940.508301,29,27,0
937.683716,940.468262,30,27,0
970.259399,940.539307,31,27,0
1001.793274,940.560730,32,27,0
1033.352661,938.823242,33,27,0
1064.818481,939.244995,34,27,0
1095.908081,937.703064,35,27,0
1128.528809,938.009888,36,27,0
1158.743408,937.679321,37,27,0
1190.252319,937.627747,38,27,0
1220.274536,936.562866,39,27,0
1251.360962,935.682129,40,27,0
21.800707,964.464172,1,28,0
52.278622,965.573547,2,28,0
82.381905,965.550171,3,28,0
112.838448,966.544617,4,28,0
143.541153,967.936462,5,28,0
174.553101,968.267395,6,28,0
205.318985,969.464294,7,28,0
236.797729,970.032593,8,28,0
267.573914,970.307434,9,28,0
298.611176,971.586304,10,28,0
331.024445,971.668579,11,28,0
362.805328,971.769775,12,28,0
395.510925,972.714966,13,28,0
426.046021,972.275024,14,28,0
458.549957,972.585205,15,28,0
490.470978,972.539795,16,28,0
521.391052,973.423218,17,28,0
554.084656,972.803589,18,28,0
585.687073,973.130432,19,28,0
617.891663,972.611206,20,28,0
649.951965,973.537476,21,28,0
682.269043,973.261047,22,28,0
715.476929,972.258606,23,28,0
745.555725,972.095703,24,28,0
778.026184,972.683777,25,28,0
809.504211,973.140442,26,28,0
842.387939,973.014099,27,28,0
874.268738,972.206116,28,28,0
906.165771,972.388489,29,28,0
938.060608,972.293762,30,28,0
970.097473,970.862610,31,28,0
1001.602905,971.688721,32,28,0
1032.503906,970.498535,33,28,0
1064.307861,970.715088,34,28,0
1095.142456,970.313232,35,28,0
1126.283691,969.237244,36,28,0
1158.494507,968.460632,37,28,0
1189.634644,967.546143,38,28,0
1219.439209,967.040527,39,28,0
1249.600220,966.014709,40,28,0
23.430824,995.560730,1,29,0
53.294266,996.278870,2,29,0
82.941269,997.285278,3,29,0
113.346581,997.870361,4,29,0
144.020035,998.834595,5,29,0
174.267548,999.952332,6,29,0
206.057358,999.989624,7,29,0
237.007309,1000.476563,8,29,0
268.184540,1001.133057,9,29,0
299.181458,1002.129211,10,29,0
331.296692,1002.904724,11,29,0
363.021332,1003.865417,12,29,0
394.945587,1003.285645,13,29,0
426.320313,1004.054626,14,29,0
457.648834,1004.213745,15,29,0
490.069824,1004.552490,16,29,0
521.920532,1004.605652,17,29,0
554.432251,1003.570374,18,29,0
585.760315,1003.631409,19,29,0
618.269348,1006.088684,20,29,0
649.802734,1005.323242,21,29,0
682.541809,1005.716248,22,29,0
714.478149,1004.726807,23,29,0
746.208069,1004.743225,24,29,0
777.839050,1004.464844,25,29,0
810.189819,1004.908752,26,29,0
841.429626,1004.846863,27,29,0
874.078979,1004.287415,28,29,0
906.079651,1003.542114,29,29,0
936.618896,1003.441223,30,29,0
969.246277,1003.205383,31,29,0
1001.019958,1002.315369,32,29,0
1032.300537,1002.288086,33,29,0
1064.297852,1001.379333,34,29,0
1094.530273,1001.620911,35,29,0
1126.328613,1001.145447,36,29,0
1188.629028,999.484802,38,29,0
1218.891113,997.825806,39,29,0
1249.738281,997.218262,40,29,0
