 0.000  0.000  0.000 0 0
4000.000 21.469 84.031 0 1
3000.000 50.792 82.520 0 2
4000.000 81.724 81.908 0 3
3000.000 112.278 80.726 0 4
4000.000 142.253 79.816 0 5
3000.000 173.517 79.949 0 6
4000.000 205.585 79.277 0 7
3000.000 236.144 77.986 0 8
4000.000 267.671 77.343 0 9
3000.000 298.640 77.284 0 10
4000.000 330.035 77.510 0 11
3000.000 362.681 76.863 0 12
4000.000 394.317 77.661 0 13
3000.000 425.863 76.140 0 14
4000.000 457.826 76.217 0 15
3000.000 489.843 75.451 0 16
4000.000 521.695 75.450 0 17
3000.000 553.610 74.249 0 18
4000.000 586.083 75.371 0 19
3000.000 618.383 75.500 0 20
4000.000 650.273 75.500 0 21
3000.000 682.202 75.273 0 22
4000.000 714.353 75.417 0 23
3000.000 746.057 75.379 0 24
4000.000 778.786 75.385 0 25
3000.000 810.463 75.519 0 26
4000.000 842.267 75.841 0 27
3000.000 874.594 75.568 0 28
4000.000 906.358 76.110 0 29
3000.000 938.065 76.341 0 30
4000.000 970.281 77.197 0 31
3000.000 1002.507 77.132 0 32
4000.000 1032.850 77.306 0 33
3000.000 1065.005 78.141 0 34
4000.000 1095.901 78.414 0 35
3000.000 1127.895 78.843 0 36
4000.000 1159.389 79.009 0 37
3000.000 1189.480 79.571 0 38
4000.000 1220.147 80.328 0 39
3000.000 1251.711 81.692 0 40
 0.000  0.000  0.000 0 41
 0.000  0.000  0.000 0 42
 0.000  0.000  0.000 0 43
 0.000  0.000  0.000 0 44
 0.000  0.000  0.000 1 0
3000.000 20.716 114.128 1 1
4000.000 50.279 113.579 1 2
3000.000 79.412 113.713 1 3
4000.000 110.957 111.545 1 4
3000.000 142.719 111.208 1 5
4000.000 173.422 110.127 1 6
3000.000 203.469 110.627 1 7
4000.000 235.698 110.708 1 8
3000.000 267.195 109.566 1 9
4000.000 298.643 108.997 1 10
3000.000 330.253 108.520 1 11
4000.000 362.445 108.630 1 12
3000.000 393.404 109.362 1 13
4000.000 425.813 107.924 1 14
3000.000 457.275 108.302 1 15
4000.000 489.898 106.697 1 16
3000.000 521.301 107.707 1 17
4000.000 553.955 107.572 1 18
3000.000 585.814 106.758 1 19
4000.000 618.580 107.245 1 20
3000.000 649.761 107.253 1 21
4000.000 681.487 107.668 1 22
3000.000 713.999 107.187 1 23
4000.000 746.487 106.910 1 24
3000.000 778.561 106.842 1 25
4000.000 810.804 106.929 1 26
3000.000 842.271 106.999 1 27
4000.000 874.658 107.064 1 28
3000.000 907.684 108.328 1 29
4000.000 938.295 108.522 1 30
3000.000 970.567 108.632 1 31
4000.000 1001.607 108.635 1 32
3000.000 1033.507 108.623 1 33
4000.000 1065.487 109.555 1 34
3000.000 1095.435 110.741 1 35
4000.000 1128.385 110.249 1 36
3000.000 1158.719 111.220 1 37
4000.000 1189.763 111.065 1 38
3000.000 1220.325 111.297 1 39
4000.000 1251.448 112.454 1 40
 0.000  0.000  0.000 1 41
 0.000  0.000  0.000 1 42
 0.000  0.000  0.000 1 43
 0.000  0.000  0.000 1 44
 0.000  0.000  0.000 2 0
4000.000 18.818 145.670 2 1
3000.000 49.936 144.917 2 2
4000.000 79.279 144.236 2 3
3000.000 111.097 143.817 2 4
4000.000 141.440 143.210 2 5
3000.000 173.058 142.348 2 6
4000.000 203.200 141.473 2 7
3000.000 235.274 140.979 2 8
4000.000 266.992 141.043 2 9
3000.000 297.649 140.416 2 10
4000.000 329.508 140.498 2 11
3000.000 361.948 140.524 2 12
4000.000 393.465 139.043 2 13
3000.000 425.641 139.361 2 14
4000.000 456.853 139.421 2 15
3000.000 489.475 139.734 2 16
4000.000 520.712 139.162 2 17
3000.000 554.105 139.125 2 18
4000.000 586.362 139.455 2 19
3000.000 617.684 138.909 2 20
4000.000 650.142 139.497 2 21
3000.000 681.383 139.599 2 22
4000.000 714.684 138.732 2 23
3000.000 746.379 139.536 2 24
4000.000 778.282 138.822 2 25
3000.000 810.410 139.244 2 26
4000.000 842.171 139.550 2 27
3000.000 874.945 139.768 2 28
4000.000 906.515 139.250 2 29
3000.000 938.623 139.913 2 30
4000.000 970.400 139.322 2 31
3000.000 1002.262 139.774 2 32
4000.000 1033.456 140.677 2 33
3000.000 1066.131 141.665 2 34
4000.000 1097.599 141.811 2 35
3000.000 1129.095 142.582 2 36
4000.000 1159.261 142.191 2 37
3000.000 1190.777 142.355 2 38
4000.000 1222.109 143.379 2 39
3000.000 1252.777 143.685 2 40
 0.000  0.000  0.000 2 41
 0.000  0.000  0.000 2 42
 0.000  0.000  0.000 2 43
 0.000  0.000  0.000 2 44
 0.000  0.000  0.000 3 0
3000.000 18.804 176.359 3 1
4000.000 48.965 175.351 3 2
3000.000 79.115 175.537 3 3
4000.000 110.438 173.368 3 4
3000.000 140.853 174.654 3 5
4000.000 172.592 174.413 3 6
3000.000 203.472 172.636 3 7
4000.000 233.969 172.605 3 8
3000.000 266.635 172.709 3 9
4000.000 297.476 172.535 3 10
3000.000 329.282 172.242 3 11
4000.000 361.720 172.194 3 12
3000.000 392.655 171.468 3 13
4000.000 425.134 171.971 3 14
3000.000 456.679 171.316 3 15
4000.000 489.297 171.008 3 16
3000.000 520.723 171.236 3 17
4000.000 553.529 171.248 3 18
3000.000 585.252 170.931 3 19
4000.000 617.545 171.131 3 20
3000.000 649.968 170.759 3 21
4000.000 681.757 170.967 3 22
3000.000 714.193 170.293 3 23
4000.000 746.360 170.226 3 24
3000.000 778.668 171.481 3 25
4000.000 810.431 171.354 3 26
3000.000 842.903 170.816 3 27
4000.000 875.467 171.675 3 28
3000.000 906.836 171.254 3 29
4000.000 938.675 171.287 3 30
3000.000 970.890 170.754 3 31
4000.000 1002.585 172.167 3 32
3000.000 1034.644 172.595 3 33
4000.000 1066.728 172.658 3 34
3000.000 1097.707 173.285 3 35
4000.000 1129.387 173.351 3 36
3000.000 1159.527 173.274 3 37
4000.000 1191.532 174.685 3 38
3000.000 1222.452 174.853 3 39
4000.000 1253.282 175.515 3 40
 0.000  0.000  0.000 3 41
 0.000  0.000  0.000 3 42
 0.000  0.000  0.000 3 43
 0.000  0.000  0.000 3 44
 0.000  0.000  0.000 4 0
4000.000 17.205 207.974 4 1
3000.000 47.974 207.275 4 2
4000.000 78.473 206.699 4 3
3000.000 109.385 205.861 4 4
4000.000 140.346 206.297 4 5
3000.000 171.110 204.766 4 6
4000.000 203.338 205.729 4 7
3000.000 234.552 204.648 4 8
4000.000 265.658 204.539 4 9
3000.000 297.689 203.558 4 10
4000.000 329.300 204.478 4 11
3000.000 361.498 203.708 4 12
4000.000 393.708 203.499 4 13
3000.000 425.267 203.274 4 14
4000.000 456.888 203.020 4 15
3000.000 489.012 202.638 4 16
4000.000 520.391 202.734 4 17
3000.000 553.089 203.215 4 18
100.000 586.000 203.000 4 19
3000.000 617.725 202.568 4 20
4000.000 650.237 202.413 4 21
3000.000 681.945 202.482 4 22
4000.000 714.044 202.518 4 23
3000.000 746.669 203.266 4 24
4000.000 778.138 202.411 4 25
3000.000 811.019 202.744 4 26
4000.000 842.563 203.654 4 27
3000.000 875.733 202.522 4 28
4000.000 906.708 203.092 4 29
3000.000 938.752 203.305 4 30
4000.000 970.395 204.171 4 31
3000.000 1003.691 203.737 4 32
4000.000 1034.509 203.913 4 33
3000.000 1066.339 204.624 4 34
4000.000 1097.625 204.306 4 35
3000.000 1129.272 205.078 4 36
4000.000 1160.066 204.904 4 37
3000.000 1192.411 206.242 4 38
4000.000 1222.863 206.320 4 39
3000.000 1253.653 207.285 4 40
 0.000  0.000  0.000 4 41
 0.000  0.000  0.000 4 42
 0.000  0.000  0.000 4 43
 0.000  0.000  0.000 4 44
 0.000  0.000  0.000 5 0
3000.000 16.821 239.507 5 1
4000.000 47.550 239.235 5 2
3000.000 78.301 238.308 5 3
4000.000 109.285 237.972 5 4
3000.000 138.992 237.601 5 5
4000.000 171.753 237.150 5 6
3000.000 202.717 236.768 5 7
4000.000 234.146 236.747 5 8
3000.000 265.760 236.392 5 9
4000.000 296.629 235.626 5 10
3000.000 328.946 235.323 5 11
4000.000 360.982 235.685 5 12
3000.000 393.474 234.987 5 13
4000.000 424.400 234.823 5 14
3000.000 456.809 235.274 5 15
4000.000 489.613 234.779 5 16
3000.000 521.286 234.397 5 17
4000.000 552.579 233.898 5 18
3000.000 585.476 234.869 5 19
4000.000 616.999 235.325 5 20
3000.000 649.695 234.775 5 21
4000.000 682.007 234.338 5 22
3000.000 714.402 235.495 5 23
4000.000 746.195 234.402 5 24
3000.000 779.058 234.686 5 25
4000.000 810.573 234.590 5 26
3000.000 842.701 234.856 5 27
4000.000 874.829 235.647 5 28
3000.000 907.295 235.971 5 29
4000.000 938.857 236.170 5 30
3000.000 970.589 235.570 5 31
4000.000 1003.282 235.977 5 32
3000.000 1035.480 236.633 5 33
4000.000 1066.370 235.979 5 34
3000.000 1097.739 235.709 5 35
4000.000 1129.296 236.407 5 36
3000.000 1160.533 237.586 5 37
4000.000 1192.378 237.504 5 38
3000.000 1223.383 237.560 5 39
4000.000 1254.183 238.564 5 40
 0.000  0.000  0.000 5 41
 0.000  0.000  0.000 5 42
 0.000  0.000  0.000 5 43
 0.000  0.000  0.000 5 44
 0.000  0.000  0.000 6 0
4000.000 16.743 271.444 6 1
3000.000 47.448 270.225 6 2
4000.000 77.860 269.445 6 3
3000.000 109.652 269.214 6 4
4000.000 139.509 270.147 6 5
3000.000 171.068 268.879 6 6
4000.000 202.194 269.031 6 7
3000.000 233.756 267.551 6 8
4000.000 265.301 268.762 6 9
3000.000 297.382 267.972 6 10
4000.000 329.132 267.374 6 11
3000.000 360.741 267.613 6 12
4000.000 392.515 267.389 6 13
3000.000 424.802 267.316 6 14
4000.000 456.491 267.377 6 15
3000.000 489.002 267.589 6 16
4000.000 521.221 266.985 6 17
3000.000 553.439 266.930 6 18
4000.000 585.089 266.700 6 19
3000.000 618.041 266.730 6 20
4000.000 649.703 266.635 6 21
3000.000 682.289 267.225 6 22
4000.000 713.591 266.735 6 23
3000.000 746.507 266.569 6 24
4000.000 778.466 266.403 6 25
3000.000 810.489 267.506 6 26
4000.000 842.755 267.719 6 27
3000.000 875.270 267.294 6 28
4000.000 907.370 267.289 6 29
3000.000 939.576 267.576 6 30
4000.000 971.697 267.868 6 31
3000.000 1003.546 267.553 6 32
4000.000 1034.949 267.387 6 33
3000.000 1066.717 267.765 6 34
4000.000 1098.690 268.675 6 35
3000.000 1130.078 268.555 6 36
4000.000 1160.813 269.702 6 37
3000.000 1193.014 269.161 6 38
4000.000 1224.392 269.214 6 39
3000.000 1254.545 269.918 6 40
 0.000  0.000  0.000 6 41
 0.000  0.000  0.000 6 42
 0.000  0.000  0.000 6 43
 0.000  0.000  0.000 6 44
 0.000  0.000  0.000 7 0
3000.000 16.358 302.272 7 1
4000.000 46.900 302.538 7 2
3000.000 76.909 301.682 7 3
4000.000 107.484 301.830 7 4
3000.000 139.429 301.355 7 5
4000.000 170.803 299.969 7 6
3000.000 202.513 300.136 7 7
4000.000 233.336 300.508 7 8
3000.000 265.505 300.038 7 9
4000.000 296.838 299.992 7 10
3000.000 328.819 299.735 7 11
4000.000 360.214 299.951 7 12
3000.000 392.560 299.438 7 13
4000.000 424.905 299.882 7 14
3000.000 456.686 299.613 7 15
4000.000 488.623 298.781 7 16
3000.000 520.902 299.073 7 17
4000.000 553.376 299.542 7 18
3000.000 585.574 298.986 7 19
4000.000 617.484 298.693 7 20
3000.000 649.619 298.668 7 21
4000.000 681.962 298.988 7 22
3000.000 714.625 299.556 7 23
4000.000 746.398 298.749 7 24
3000.000 778.968 298.641 7 25
4000.000 811.082 299.093 7 26
3000.000 843.658 299.665 7 27
4000.000 875.255 299.279 7 28
3000.000 907.404 300.605 7 29
4000.000 938.672 299.264 7 30
3000.000 971.597 299.285 7 31
4000.000 1003.197 300.358 7 32
3000.000 1034.278 299.267 7 33
4000.000 1067.189 299.833 7 34
3000.000 1099.585 300.625 7 35
4000.000 1130.458 300.176 7 36
3000.000 1161.477 301.053 7 37
4000.000 1193.169 301.440 7 38
3000.000 1224.044 301.587 7 39
4000.000 1255.652 302.630 7 40
 0.000  0.000  0.000 7 41
 0.000  0.000  0.000 7 42
 0.000  0.000  0.000 7 43
 0.000  0.000  0.000 7 44
 0.000  0.000  0.000 8 0
4000.000 16.497 333.801 8 1
3000.000 45.234 333.776 8 2
4000.000 76.603 334.136 8 3
3000.000 108.173 333.535 8 4
4000.000 138.553 333.185 8 5
3000.000 170.544 333.307 8 6
4000.000 201.618 331.942 8 7
3000.000 233.025 332.308 8 8
4000.000 265.400 331.619 8 9
3000.000 297.293 332.068 8 10
4000.000 328.258 332.069 8 11
3000.000 360.719 331.713 8 12
4000.000 392.044 331.899 8 13
3000.000 424.463 330.869 8 14
4000.000 456.723 331.688 8 15
3000.000 488.560 331.585 8 16
4000.000 520.620 330.748 8 17
3000.000 553.018 331.422 8 18
4000.000 585.834 331.526 8 19
3000.000 617.249 331.403 8 20
4000.000 649.537 331.019 8 21
3000.000 681.878 331.549 8 22
4000.000 714.942 330.988 8 23
3000.000 746.573 331.276 8 24
4000.000 779.032 331.218 8 25
3000.000 811.300 331.148 8 26
4000.000 843.505 331.346 8 27
3000.000 875.409 331.901 8 28
4000.000 907.406 331.606 8 29
3000.000 939.671 332.207 8 30
4000.000 971.425 332.043 8 31
3000.000 1003.210 332.127 8 32
4000.000 1035.658 331.633 8 33
3000.000 1067.496 331.908 8 34
4000.000 1099.262 331.928 8 35
3000.000 1130.312 332.755 8 36
4000.000 1162.373 332.790 8 37
3000.000 1192.667 332.501 8 38
4000.000 1225.017 332.833 8 39
3000.000 1255.309 333.541 8 40
 0.000  0.000  0.000 8 41
 0.000  0.000  0.000 8 42
 0.000  0.000  0.000 8 43
 0.000  0.000  0.000 8 44
 0.000  0.000  0.000 9 0
3000.000 15.576 366.445 9 1
4000.000 46.559 365.523 9 2
3000.000 76.623 365.360 9 3
4000.000 107.307 365.711 9 4
3000.000 138.648 364.448 9 5
4000.000 170.151 364.855 9 6
3000.000 201.090 364.247 9 7
4000.000 233.491 364.277 9 8
3000.000 264.937 363.783 9 9
4000.000 296.253 363.886 9 10
3000.000 328.950 363.342 9 11
4000.000 360.443 363.668 9 12
3000.000 392.377 363.651 9 13
4000.000 424.856 363.514 9 14
3000.000 456.368 363.444 9 15
4000.000 489.925 363.234 9 16
3000.000 521.416 363.006 9 17
4000.000 553.172 363.467 9 18
3000.000 586.103 363.641 9 19
4000.000 617.628 363.035 9 20
3000.000 650.059 363.423 9 21
4000.000 682.216 362.305 9 22
3000.000 714.693 363.722 9 23
4000.000 747.378 363.560 9 24
3000.000 778.705 363.590 9 25
4000.000 811.596 363.787 9 26
3000.000 843.204 363.571 9 27
4000.000 875.560 363.373 9 28
3000.000 908.358 363.630 9 29
4000.000 940.172 364.012 9 30
3000.000 971.719 363.393 9 31
4000.000 1003.630 363.960 9 32
3000.000 1035.616 363.885 9 33
4000.000 1066.955 363.424 9 34
3000.000 1098.781 363.962 9 35
4000.000 1130.090 365.564 9 36
3000.000 1161.510 364.730 9 37
4000.000 1193.176 365.186 9 38
3000.000 1224.686 365.336 9 39
4000.000 1254.742 364.704 9 40
 0.000  0.000  0.000 9 41
 0.000  0.000  0.000 9 42
 0.000  0.000  0.000 9 43
 0.000  0.000  0.000 9 44
 0.000  0.000  0.000 10 0
4000.000 14.716 397.383 10 1
3000.000 45.029 397.591 10 2
4000.000 76.744 397.161 10 3
3000.000 107.470 396.391 10 4
4000.000 138.654 396.436 10 5
3000.000 170.702 397.029 10 6
4000.000 200.969 396.392 10 7
3000.000 232.794 396.287 10 8
4000.000 265.086 396.081 10 9
3000.000 296.981 396.453 10 10
4000.000 328.713 395.526 10 11
3000.000 359.749 395.593 10 12
4000.000 392.308 395.769 10 13
3000.000 423.749 396.102 10 14
4000.000 456.693 395.664 10 15
3000.000 488.404 395.214 10 16
4000.000 520.844 395.886 10 17
3000.000 553.073 395.926 10 18
4000.000 585.609 394.296 10 19
3000.000 617.584 395.764 10 20
4000.000 649.530 395.506 10 21
3000.000 681.936 395.008 10 22
4000.000 714.278 395.412 10 23
3000.000 746.672 395.032 10 24
4000.000 779.541 395.033 10 25
3000.000 811.034 396.131 10 26
4000.000 843.076 396.059 10 27
3000.000 875.686 395.362 10 28
4000.000 907.939 395.741 10 29
3000.000 939.583 396.396 10 30
4000.000 972.001 395.610 10 31
3000.000 1003.370 395.497 10 32
4000.000 1036.059 395.989 10 33
3000.000 1066.572 396.226 10 34
4000.000 1100.475 396.637 10 35
3000.000 1129.940 396.298 10 36
4000.000 1162.693 396.041 10 37
3000.000 1193.318 396.598 10 38
4000.000 1224.276 397.019 10 39
3000.000 1255.702 397.663 10 40
 0.000  0.000  0.000 10 41
 0.000  0.000  0.000 10 42
 0.000  0.000  0.000 10 43
 0.000  0.000  0.000 10 44
 0.000  0.000  0.000 11 0
3000.000 15.304 429.628 11 1
4000.000 45.276 429.193 11 2
3000.000 76.631 428.430 11 3
4000.000 107.334 428.645 11 4
3000.000 138.386 428.586 11 5
4000.000 169.970 427.734 11 6
3000.000 201.704 428.683 11 7
4000.000 233.190 428.591 11 8
3000.000 265.088 428.090 11 9
4000.000 296.442 428.542 11 10
3000.000 328.632 427.811 11 11
4000.000 360.715 427.716 11 12
3000.000 392.021 427.981 11 13
4000.000 424.456 428.430 11 14
3000.000 456.565 427.498 11 15
4000.000 488.309 427.494 11 16
3000.000 520.699 427.747 11 17
4000.000 552.770 427.343 11 18
3000.000 585.155 428.388 11 19
4000.000 616.609 427.370 11 20
3000.000 650.559 427.417 11 21
4000.000 682.679 427.623 11 22
3000.000 714.243 427.932 11 23
4000.000 746.382 427.390 11 24
3000.000 778.965 427.633 11 25
4000.000 811.326 427.628 11 26
3000.000 843.798 428.199 11 27
4000.000 874.593 428.627 11 28
3000.000 908.107 427.883 11 29
4000.000 940.213 428.013 11 30
3000.000 971.734 427.328 11 31
4000.000 1004.326 428.101 11 32
3000.000 1036.493 428.064 11 33
4000.000 1067.493 427.293 11 34
3000.000 1098.889 427.469 11 35
4000.000 1131.229 428.625 11 36
3000.000 1162.320 428.570 11 37
4000.000 1193.271 428.342 11 38
3000.000 1224.612 428.607 11 39
4000.000 1255.659 429.222 11 40
 0.000  0.000  0.000 11 41
 0.000  0.000  0.000 11 42
 0.000  0.000  0.000 11 43
 0.000  0.000  0.000 11 44
 0.000  0.000  0.000 12 0
4000.000 14.504 460.670 12 1
3000.000 45.743 460.725 12 2
4000.000 75.607 461.405 12 3
3000.000 107.347 460.394 12 4
4000.000 138.562 460.199 12 5
3000.000 170.141 460.456 12 6
4000.000 201.652 460.200 12 7
3000.000 233.270 460.340 12 8
4000.000 265.212 459.743 12 9
3000.000 296.180 460.144 12 10
4000.000 328.348 460.825 12 11
3000.000 361.328 459.946 12 12
4000.000 392.053 460.456 12 13
3000.000 424.582 460.643 12 14
4000.000 456.245 459.663 12 15
3000.000 489.184 459.681 12 16
4000.000 521.294 459.470 12 17
3000.000 553.271 459.429 12 18
4000.000 585.452 460.677 12 19
3000.000 617.300 460.744 12 20
4000.000 650.367 460.537 12 21
3000.000 682.159 459.750 12 22
4000.000 714.629 460.908 12 23
3000.000 747.473 460.077 12 24
4000.000 779.757 460.404 12 25
3000.000 810.299 460.338 12 26
4000.000 843.289 459.490 12 27
3000.000 875.260 460.417 12 28
4000.000 907.358 460.354 12 29
3000.000 939.465 461.190 12 30
4000.000 971.689 460.334 12 31
3000.000 1004.321 460.473 12 32
4000.000 1035.512 460.415 12 33
3000.000 1067.470 460.326 12 34
4000.000 1099.540 460.749 12 35
3000.000 1131.452 460.893 12 36
4000.000 1163.104 461.037 12 37
3000.000 1193.235 460.249 12 38
4000.000 1224.667 460.734 12 39
3000.000 1256.288 460.261 12 40
 0.000  0.000  0.000 12 41
 0.000  0.000  0.000 12 42
 0.000  0.000  0.000 12 43
 0.000  0.000  0.000 12 44
 0.000  0.000  0.000 13 0
3000.000 14.559 492.617 13 1
4000.000 45.519 492.648 13 2
3000.000 76.572 492.893 13 3
4000.000 106.680 492.475 13 4
3000.000 138.687 492.351 13 5
4000.000 170.355 492.468 13 6
3000.000 200.658 492.371 13 7
4000.000 232.394 492.720 13 8
3000.000 264.945 492.805 13 9
4000.000 296.579 492.822 13 10
3000.000 328.307 492.412 13 11
4000.000 360.140 491.819 13 12
3000.000 392.563 492.282 13 13
4000.000 423.792 491.519 13 14
3000.000 456.351 492.357 13 15
4000.000 488.783 492.608 13 16
3000.000 520.894 492.290 13 17
4000.000 552.614 492.439 13 18
104.000 585.535 492.383 13 19
104.000 617.802 492.095 13 20
104.000 651.815 491.918 13 21
104.000 682.556 492.007 13 22
3000.000 714.667 492.317 13 23
4000.000 746.663 493.153 13 24
3000.000 779.513 491.796 13 25
4000.000 811.013 491.912 13 26
3000.000 843.372 492.295 13 27
4000.000 876.172 492.354 13 28
3000.000 907.397 492.294 13 29
4000.000 939.634 492.315 13 30
3000.000 972.360 492.687 13 31
4000.000 1004.461 492.142 13 32
3000.000 1035.002 492.474 13 33
4000.000 1067.544 491.933 13 34
3000.000 1098.825 492.406 13 35
4000.000 1130.265 492.407 13 36
3000.000 1162.494 493.226 13 37
4000.000 1193.394 492.475 13 38
3000.000 1225.321 492.014 13 39
4000.000 1256.324 492.360 13 40
 0.000  0.000  0.000 13 41
 0.000  0.000  0.000 13 42
 0.000  0.000  0.000 13 43
 0.000  0.000  0.000 13 44
 0.000  0.000  0.000 14 0
4000.000 14.999 524.279 14 1
3000.000 45.361 524.399 14 2
4000.000 75.949 523.954 14 3
3000.000 107.646 523.908 14 4
4000.000 138.239 524.766 14 5
3000.000 169.813 524.243 14 6
4000.000 200.714 524.733 14 7
3000.000 232.622 524.652 14 8
4000.000 264.916 524.294 14 9
3000.000 296.108 524.616 14 10
4000.000 327.750 525.032 14 11
3000.000 360.534 524.909 14 12
4000.000 392.687 524.470 14 13
3000.000 424.545 524.086 14 14
4000.000 456.553 525.212 14 15
3000.000 489.627 524.331 14 16
4000.000 520.969 525.116 14 17
3000.000 553.334 524.611 14 18
104.000 585.454 524.244 14 19
104.000 617.277 524.566 14 20
104.000 650.015 523.571 14 21
104.000 682.275 524.640 14 22
4000.000 714.743 525.188 14 23
3000.000 747.203 523.506 14 24
4000.000 778.639 525.602 14 25
3000.000 811.263 524.460 14 26
4000.000 843.372 524.875 14 27
3000.000 875.422 524.643 14 28
4000.000 907.424 524.312 14 29
3000.000 939.832 524.962 14 30
4000.000 972.070 524.552 14 31
3000.000 1003.717 524.609 14 32
4000.000 1035.793 525.125 14 33
3000.000 1067.656 524.796 14 34
4000.000 1098.795 523.377 14 35
3000.000 1130.240 524.535 14 36
4000.000 1162.631 524.523 14 37
3000.000 1193.424 524.889 14 38
4000.000 1225.327 523.982 14 39
3000.000 1256.391 524.558 14 40
 0.000  0.000  0.000 14 41
 0.000  0.000  0.000 14 42
 0.000  0.000  0.000 14 43
 0.000  0.000  0.000 14 44
 0.000  0.000  0.000 15 0
3000.000 15.247 556.154 15 1
4000.000 44.608 556.233 15 2
3000.000 76.250 555.816 15 3
4000.000 107.600 555.744 15 4
3000.000 137.909 555.894 15 5
4000.000 170.747 556.588 15 6
3000.000 201.460 556.539 15 7
4000.000 232.505 556.315 15 8
3000.000 264.263 556.559 15 9
4000.000 296.573 557.130 15 10
3000.000 327.919 556.701 15 11
4000.000 361.056 557.188 15 12
3000.000 392.460 557.515 15 13
4000.000 424.285 557.321 15 14
3000.000 456.539 556.464 15 15
4000.000 488.321 556.583 15 16
3000.000 520.495 556.834 15 17
4000.000 553.081 555.818 15 18
104.000 584.362 556.688 15 19
104.000 617.380 556.715 15 20
104.000 650.096 557.745 15 21
104.000 682.005 557.036 15 22
3000.000 714.237 556.967 15 23
4000.000 746.796 557.115 15 24
3000.000 779.032 557.714 15 25
4000.000 810.270 557.369 15 26
3000.000 843.265 556.338 15 27
4000.000 875.801 557.308 15 28
3000.000 908.019 557.201 15 29
4000.000 940.075 557.516 15 30
3000.000 971.384 556.738 15 31
4000.000 1003.779 555.934 15 32
3000.000 1035.667 556.626 15 33
4000.000 1067.299 556.959 15 34
3000.000 1099.611 556.265 15 35
4000.000 1130.513 555.822 15 36
3000.000 1162.357 556.585 15 37
4000.000 1193.404 556.355 15 38
3000.000 1225.046 556.269 15 39
4000.000 1256.452 555.965 15 40
 0.000  0.000  0.000 15 41
 0.000  0.000  0.000 15 42
 0.000  0.000  0.000 15 43
 0.000  0.000  0.000 15 44
 0.000  0.000  0.000 16 0
4000.000 14.969 588.203 16 1
3000.000 45.394 588.149 16 2
4000.000 76.576 588.458 16 3
3000.000 107.333 588.397 16 4
4000.000 138.558 588.146 16 5
3000.000 170.928 589.123 16 6
4000.000 201.021 589.421 16 7
3000.000 232.680 588.287 16 8
4000.000 264.392 588.264 16 9
3000.000 295.583 588.530 16 10
4000.000 328.946 589.273 16 11
3000.000 359.701 589.553 16 12
4000.000 393.100 589.019 16 13
100.000 425.000 589.000 16 14
4000.000 456.736 588.813 16 15
3000.000 488.892 589.057 16 16
4000.000 521.313 588.634 16 17
3000.000 553.281 588.633 16 18
104.000 585.594 589.755 16 19
104.000 617.522 589.417 16 20
104.000 650.062 588.847 16 21
104.000 682.483 589.290 16 22
4000.000 714.570 588.622 16 23
3000.000 746.837 588.457 16 24
4000.000 778.852 588.523 16 25
3000.000 811.511 589.486 16 26
4000.000 843.571 589.613 16 27
3000.000 875.661 589.386 16 28
4000.000 908.142 589.218 16 29
3000.000 939.797 588.659 16 30
4000.000 971.532 588.789 16 31
3000.000 1003.704 589.195 16 32
4000.000 1035.701 589.879 16 33
3000.000 1066.685 588.341 16 34
4000.000 1099.222 588.555 16 35
3000.000 1130.417 588.335 16 36
4000.000 1162.401 588.842 16 37
3000.000 1193.127 588.315 16 38
4000.000 1225.374 588.509 16 39
3000.000 1256.554 588.638 16 40
 0.000  0.000  0.000 16 41
 0.000  0.000  0.000 16 42
 0.000  0.000  0.000 16 43
 0.000  0.000  0.000 16 44
 0.000  0.000  0.000 17 0
3000.000 15.381 619.469 17 1
4000.000 46.417 620.162 17 2
3000.000 76.488 619.173 17 3
4000.000 107.771 620.638 17 4
3000.000 138.281 620.002 17 5
4000.000 170.693 620.262 17 6
3000.000 201.087 619.925 17 7
4000.000 233.509 620.616 17 8
3000.000 265.324 620.291 17 9
4000.000 296.426 621.415 17 10
3000.000 328.652 620.599 17 11
100.000 360.000 621.000 17 12
3000.000 392.452 621.547 17 13
4000.000 424.335 621.545 17 14
3000.000 456.417 621.218 17 15
4000.000 489.519 621.491 17 16
3000.000 520.903 621.092 17 17
4000.000 553.640 621.311 17 18
3000.000 585.483 621.672 17 19
4000.000 617.558 621.307 17 20
3000.000 650.198 621.494 17 21
4000.000 681.869 621.179 17 22
3000.000 714.281 621.296 17 23
4000.000 747.203 622.184 17 24
3000.000 778.013 622.049 17 25
4000.000 811.356 621.312 17 26
3000.000 842.732 621.713 17 27
4000.000 875.504 621.673 17 28
3000.000 907.611 620.618 17 29
4000.000 940.390 621.375 17 30
3000.000 972.024 621.172 17 31
4000.000 1003.640 620.722 17 32
3000.000 1035.683 620.604 17 33
4000.000 1066.517 620.758 17 34
3000.000 1099.723 619.342 17 35
4000.000 1130.664 621.513 17 36
3000.000 1162.344 620.521 17 37
4000.000 1193.380 620.880 17 38
3000.000 1225.706 619.449 17 39
4000.000 1256.579 619.680 17 40
 0.000  0.000  0.000 17 41
 0.000  0.000  0.000 17 42
 0.000  0.000  0.000 17 43
 0.000  0.000  0.000 17 44
 0.000  0.000  0.000 18 0
4000.000 15.586 651.522 18 1
3000.000 45.752 651.705 18 2
4000.000 76.905 651.509 18 3
3000.000 107.373 651.328 18 4
4000.000 138.910 652.300 18 5
3000.000 169.553 652.233 18 6
4000.000 202.201 652.676 18 7
3000.000 233.021 653.478 18 8
4000.000 265.390 652.930 18 9
3000.000 296.347 653.673 18 10
4000.000 328.243 653.010 18 11
3000.000 360.995 652.699 18 12
4000.000 392.421 653.414 18 13
3000.000 424.803 653.542 18 14
4000.000 456.172 653.411 18 15
3000.000 488.513 653.649 18 16
4000.000 520.588 653.871 18 17
3000.000 553.555 653.631 18 18
4000.000 585.446 654.294 18 19
3000.000 617.191 653.949 18 20
4000.000 650.189 653.634 18 21
3000.000 682.701 653.841 18 22
4000.000 714.021 654.366 18 23
3000.000 747.271 653.312 18 24
4000.000 778.641 653.992 18 25
3000.000 811.242 654.112 18 26
4000.000 843.239 653.790 18 27
3000.000 875.482 653.340 18 28
4000.000 908.007 653.577 18 29
3000.000 939.484 653.404 18 30
4000.000 972.141 653.750 18 31
3000.000 1002.993 654.056 18 32
4000.000 1035.651 652.973 18 33
3000.000 1067.709 652.419 18 34
4000.000 1099.001 652.983 18 35
3000.000 1130.059 652.753 18 36
4000.000 1162.669 652.594 18 37
3000.000 1194.057 652.308 18 38
4000.000 1224.427 651.879 18 39
3000.000 1256.117 651.695 18 40
 0.000  0.000  0.000 18 41
 0.000  0.000  0.000 18 42
 0.000  0.000  0.000 18 43
 0.000  0.000  0.000 18 44
 0.000  0.000  0.000 19 0
3000.000 16.193 682.994 19 1
4000.000 46.085 683.421 19 2
3000.000 77.175 683.463 19 3
4000.000 107.736 683.466 19 4
3000.000 139.253 684.707 19 5
4000.000 170.412 684.166 19 6
3000.000 201.981 685.366 19 7
4000.000 233.966 684.955 19 8
3000.000 264.896 685.513 19 9
4000.000 296.757 684.911 19 10
3000.000 328.712 684.630 19 11
4000.000 360.532 685.594 19 12
3000.000 392.370 685.382 19 13
4000.000 424.410 685.494 19 14
3000.000 456.429 685.343 19 15
4000.000 488.520 685.338 19 16
3000.000 520.849 686.111 19 17
4000.000 552.363 686.488 19 18
3000.000 584.587 685.698 19 19
4000.000 617.200 686.399 19 20
3000.000 649.922 685.692 19 21
4000.000 682.684 685.962 19 22
3000.000 714.808 686.486 19 23
4000.000 747.462 685.926 19 24
3000.000 778.566 685.963 19 25
4000.000 811.503 686.326 19 26
3000.000 843.296 684.926 19 27
4000.000 876.044 685.682 19 28
3000.000 907.705 685.408 19 29
4000.000 940.005 686.274 19 30
3000.000 971.429 686.130 19 31
4000.000 1003.866 685.346 19 32
3000.000 1035.856 684.722 19 33
4000.000 1067.529 685.287 19 34
3000.000 1098.989 684.035 19 35
4000.000 1130.379 684.382 19 36
3000.000 1162.644 683.908 19 37
4000.000 1192.687 684.041 19 38
3000.000 1224.025 683.619 19 39
4000.000 1255.502 683.260 19 40
 0.000  0.000  0.000 19 41
 0.000  0.000  0.000 19 42
 0.000  0.000  0.000 19 43
 0.000  0.000  0.000 19 44
 0.000  0.000  0.000 20 0
4000.000 15.932 715.328 20 1
3000.000 46.567 714.632 20 2
4000.000 77.165 715.465 20 3
3000.000 107.704 715.370 20 4
4000.000 140.043 716.145 20 5
3000.000 170.572 716.514 20 6
4000.000 202.426 716.030 20 7
3000.000 233.180 716.756 20 8
4000.000 265.031 716.612 20 9
3000.000 297.019 717.466 20 10
4000.000 328.758 717.512 20 11
3000.000 360.419 717.411 20 12
4000.000 393.379 717.672 20 13
3000.000 424.465 717.709 20 14
4000.000 456.758 718.224 20 15
3000.000 489.183 717.522 20 16
4000.000 520.779 717.669 20 17
3000.000 553.449 717.859 20 18
4000.000 585.331 717.663 20 19
3000.000 617.728 717.655 20 20
4000.000 649.798 719.225 20 21
3000.000 682.031 718.252 20 22
4000.000 715.191 717.980 20 23
3000.000 746.474 718.516 20 24
4000.000 779.268 718.472 20 25
3000.000 811.509 717.660 20 26
4000.000 843.605 718.713 20 27
3000.000 875.529 717.343 20 28
4000.000 907.471 718.069 20 29
3000.000 939.410 717.412 20 30
4000.000 971.625 717.899 20 31
3000.000 1003.643 717.374 20 32
4000.000 1035.589 717.374 20 33
3000.000 1067.306 717.538 20 34
4000.000 1099.274 716.490 20 35
3000.000 1130.274 716.478 20 36
4000.000 1161.673 716.633 20 37
3000.000 1192.411 716.341 20 38
4000.000 1224.145 715.611 20 39
3000.000 1254.548 715.503 20 40
 0.000  0.000  0.000 20 41
 0.000  0.000  0.000 20 42
 0.000  0.000  0.000 20 43
 0.000  0.000  0.000 20 44
 0.000  0.000  0.000 21 0
3000.000 16.589 746.514 21 1
4000.000 47.135 746.729 21 2
3000.000 77.591 746.515 21 3
4000.000 108.672 747.458 21 4
3000.000 139.648 748.022 21 5
4000.000 170.894 748.376 21 6
3000.000 202.553 748.072 21 7
4000.000 234.503 748.577 21 8
3000.000 264.576 749.561 21 9
4000.000 296.433 748.682 21 10
3000.000 329.122 749.858 21 11
4000.000 360.425 749.282 21 12
3000.000 392.491 748.869 21 13
4000.000 425.100 749.535 21 14
3000.000 457.337 749.859 21 15
4000.000 488.765 749.787 21 16
3000.000 521.261 750.047 21 17
4000.000 553.127 750.384 21 18
3000.000 585.698 750.433 21 19
4000.000 618.418 750.168 21 20
3000.000 649.671 750.738 21 21
4000.000 682.326 750.284 21 22
3000.000 714.759 749.844 21 23
4000.000 747.429 749.885 21 24
3000.000 778.777 750.421 21 25
4000.000 810.508 750.466 21 26
3000.000 843.284 750.636 21 27
4000.000 874.603 749.579 21 28
3000.000 907.375 749.754 21 29
4000.000 939.307 749.591 21 30
3000.000 971.474 749.468 21 31
4000.000 1003.290 749.557 21 32
3000.000 1035.565 748.989 21 33
4000.000 1066.704 748.772 21 34
3000.000 1098.557 748.904 21 35
4000.000 1129.836 748.505 21 36
3000.000 1161.551 748.245 21 37
4000.000 1192.229 747.637 21 38
3000.000 1223.968 746.814 21 39
4000.000 1254.157 747.008 21 40
 0.000  0.000  0.000 21 41
 0.000  0.000  0.000 21 42
 0.000  0.000  0.000 21 43
 0.000  0.000  0.000 21 44
 0.000  0.000  0.000 22 0
4000.000 16.417 777.303 22 1
3000.000 47.706 777.944 22 2
4000.000 78.242 778.685 22 3
3000.000 108.714 779.243 22 4
4000.000 140.572 779.234 22 5
3000.000 171.526 779.390 22 6
4000.000 203.444 780.807 22 7
3000.000 234.580 779.635 22 8
4000.000 265.266 780.580 22 9
3000.000 297.136 781.407 22 10
4000.000 329.587 781.844 22 11
3000.000 360.494 781.455 22 12
4000.000 393.713 781.740 22 13
3000.000 424.706 782.392 22 14
4000.000 456.498 781.901 22 15
3000.000 489.322 781.916 22 16
4000.000 521.260 782.345 22 17
3000.000 553.750 782.048 22 18
4000.000 586.234 782.434 22 19
3000.000 618.099 782.444 22 20
4000.000 649.892 782.001 22 21
3000.000 682.021 782.610 22 22
4000.000 714.397 782.141 22 23
3000.000 746.375 781.604 22 24
4000.000 778.949 782.349 22 25
3000.000 810.878 781.560 22 26
4000.000 843.034 781.435 22 27
3000.000 875.250 780.899 22 28
4000.000 906.817 781.562 22 29
3000.000 938.772 781.187 22 30
4000.000 971.569 781.367 22 31
3000.000 1003.455 781.388 22 32
4000.000 1035.431 780.348 22 33
3000.000 1066.696 780.794 22 34
4000.000 1098.258 780.909 22 35
3000.000 1129.979 779.814 22 36
4000.000 1160.260 779.448 22 37
3000.000 1193.286 779.866 22 38
4000.000 1222.265 778.977 22 39
3000.000 1254.167 779.174 22 40
 0.000  0.000  0.000 22 41
 0.000  0.000  0.000 22 42
 0.000  0.000  0.000 22 43
 0.000  0.000  0.000 22 44
 0.000  0.000  0.000 23 0
3000.000 17.552 809.272 23 1
4000.000 47.910 810.023 23 2
3000.000 78.306 809.387 23 3
4000.000 109.547 810.354 23 4
3000.000 140.729 811.218 23 5
4000.000 171.860 811.712 23 6
3000.000 202.704 812.204 23 7
4000.000 234.217 811.428 23 8
3000.000 265.576 812.558 23 9
4000.000 297.421 812.400 23 10
3000.000 330.238 812.849 23 11
4000.000 361.539 812.594 23 12
3000.000 393.090 813.614 23 13
4000.000 424.954 813.512 23 14
3000.000 457.297 813.854 23 15
4000.000 489.051 813.946 23 16
3000.000 521.706 814.059 23 17
4000.000 553.683 813.682 23 18
3000.000 586.042 814.015 23 19
4000.000 617.823 814.329 23 20
3000.000 650.654 814.175 23 21
4000.000 682.503 813.967 23 22
3000.000 714.389 814.809 23 23
4000.000 746.564 814.508 23 24
3000.000 778.549 814.406 23 25
4000.000 810.812 814.615 23 26
3000.000 842.543 814.064 23 27
4000.000 874.478 813.749 23 28
3000.000 907.436 813.837 23 29
4000.000 938.773 813.290 23 30
3000.000 970.869 812.598 23 31
4000.000 1003.434 813.628 23 32
3000.000 1034.991 813.029 23 33
4000.000 1066.255 812.596 23 34
3000.000 1097.986 812.730 23 35
4000.000 1130.523 811.668 23 36
3000.000 1160.429 812.420 23 37
4000.000 1191.649 810.581 23 38
3000.000 1223.054 811.257 23 39
4000.000 1253.314 810.242 23 40
 0.000  0.000  0.000 23 41
 0.000  0.000  0.000 23 42
 0.000  0.000  0.000 23 43
 0.000  0.000  0.000 23 44
 0.000  0.000  0.000 24 0
4000.000 18.471 840.716 24 1
3000.000 48.225 841.334 24 2
4000.000 79.639 842.107 24 3
3000.000 110.296 842.354 24 4
4000.000 141.724 843.438 24 5
3000.000 172.109 843.292 24 6
4000.000 203.708 843.131 24 7
3000.000 234.349 843.235 24 8
4000.000 266.579 843.927 24 9
3000.000 297.555 844.045 24 10
4000.000 329.565 844.651 24 11
3000.000 361.740 844.868 24 12
4000.000 393.427 845.269 24 13
3000.000 425.290 845.700 24 14
4000.000 456.847 846.240 24 15
3000.000 489.477 846.312 24 16
4000.000 520.524 846.403 24 17
3000.000 554.271 846.175 24 18
4000.000 585.794 845.820 24 19
3000.000 618.061 846.494 24 20
4000.000 650.329 846.097 24 21
3000.000 682.352 846.562 24 22
4000.000 714.389 846.557 24 23
3000.000 746.239 846.276 24 24
4000.000 778.991 846.666 24 25
3000.000 811.745 846.072 24 26
4000.000 842.328 846.269 24 27
3000.000 874.447 846.391 24 28
4000.000 906.574 845.434 24 29
3000.000 937.745 845.901 24 30
4000.000 970.486 845.079 24 31
3000.000 1002.246 844.508 24 32
4000.000 1033.859 844.749 24 33
3000.000 1066.191 844.225 24 34
4000.000 1097.656 843.664 24 35
3000.000 1128.936 842.697 24 36
4000.000 1160.468 842.536 24 37
3000.000 1191.494 842.557 24 38
4000.000 1221.672 843.042 24 39
3000.000 1253.397 841.539 24 40
 0.000  0.000  0.000 24 41
 0.000  0.000  0.000 24 42
 0.000  0.000  0.000 24 43
 0.000  0.000  0.000 24 44
 0.000  0.000  0.000 25 0
3000.000 19.367 870.951 25 1
4000.000 49.416 872.594 25 2
3000.000 80.749 873.180 25 3
4000.000 110.478 873.619 25 4
3000.000 141.961 874.279 25 5
4000.000 173.074 874.665 25 6
3000.000 203.641 875.066 25 7
4000.000 235.538 875.593 25 8
3000.000 266.526 875.793 25 9
4000.000 298.454 876.353 25 10
3000.000 330.308 876.783 25 11
4000.000 362.286 877.250 25 12
3000.000 393.297 878.003 25 13
4000.000 425.473 877.686 25 14
3000.000 456.621 878.460 25 15
4000.000 489.699 877.997 25 16
3000.000 521.954 878.424 25 17
4000.000 553.787 877.471 25 18
3000.000 586.039 878.067 25 19
4000.000 618.014 877.990 25 20
3000.000 649.394 877.246 25 21
4000.000 682.140 877.605 25 22
3000.000 714.081 878.288 25 23
4000.000 746.240 878.375 25 24
3000.000 778.292 877.428 25 25
4000.000 810.909 878.063 25 26
3000.000 842.749 877.901 25 27
4000.000 875.148 877.426 25 28
3000.000 906.620 877.860 25 29
4000.000 938.350 877.502 25 30
3000.000 970.291 876.707 25 31
4000.000 1001.582 877.310 25 32
3000.000 1034.351 876.349 25 33
4000.000 1065.596 875.577 25 34
3000.000 1097.721 875.637 25 35
4000.000 1128.507 874.860 25 36
3000.000 1160.455 874.476 25 37
4000.000 1190.617 874.394 25 38
3000.000 1221.562 873.737 25 39
4000.000 1252.975 873.144 25 40
 0.000  0.000  0.000 25 41
 0.000  0.000  0.000 25 42
 0.000  0.000  0.000 25 43
 0.000  0.000  0.000 25 44
 0.000  0.000  0.000 26 0
4000.000 19.774 903.448 26 1
3000.000 49.813 903.372 26 2
4000.000 80.872 903.658 26 3
3000.000 111.525 905.466 26 4
4000.000 141.867 905.051 26 5
3000.000 173.058 906.315 26 6
4000.000 203.733 907.264 26 7
3000.000 235.532 907.611 26 8
4000.000 267.250 907.270 26 9
3000.000 298.759 907.324 26 10
4000.000 329.537 908.199 26 11
3000.000 362.274 909.402 26 12
4000.000 393.947 909.563 26 13
3000.000 425.414 909.019 26 14
4000.000 457.677 908.744 26 15
3000.000 489.768 909.463 26 16
4000.000 522.095 910.240 26 17
3000.000 553.414 910.324 26 18
4000.000 585.676 909.583 26 19
3000.000 618.357 909.560 26 20
4000.000 649.812 909.764 26 21
3000.000 682.604 909.599 26 22
4000.000 714.929 910.286 26 23
3000.000 745.914 910.108 26 24
4000.000 779.376 909.625 26 25
3000.000 809.722 909.877 26 26
4000.000 842.317 909.533 26 27
3000.000 874.623 909.388 26 28
4000.000 906.757 908.548 26 29
3000.000 937.388 909.277 26 30
4000.000 969.809 908.516 26 31
3000.000 1001.663 908.437 26 32
4000.000 1033.992 908.134 26 33
3000.000 1065.553 907.897 26 34
4000.000 1097.651 907.473 26 35
3000.000 1127.805 906.793 26 36
4000.000 1160.008 905.697 26 37
3000.000 1190.087 905.357 26 38
4000.000 1220.550 905.252 26 39
3000.000 1252.337 903.956 26 40
 0.000  0.000  0.000 26 41
 0.000  0.000  0.000 26 42
 0.000  0.000  0.000 26 43
 0.000  0.000  0.000 26 44
 0.000  0.000  0.000 27 0
3000.000 20.453 933.235 27 1
4000.000 50.325 934.471 27 2
3000.000 81.794 935.711 27 3
4000.000 112.463 936.591 27 4
3000.000 142.675 936.574 27 5
4000.000 173.516 937.368 27 6
3000.000 204.448 938.136 27 7
4000.000 235.633 938.285 27 8
3000.000 267.490 938.329 27 9
4000.000 299.199 939.367 27 10
3000.000 330.460 939.719 27 11
4000.000 362.081 940.451 27 12
3000.000 394.183 940.694 27 13
4000.000 425.665 940.628 27 14
3000.000 458.149 941.023 27 15
4000.000 489.515 940.703 27 16
3000.000 522.233 941.554 27 17
4000.000 554.536 942.414 27 18
3000.000 585.529 941.650 27 19
4000.000 617.924 941.649 27 20
3000.000 649.939 942.518 27 21
4000.000 681.919 941.470 27 22
3000.000 714.246 941.733 27 23
4000.000 746.717 942.352 27 24
3000.000 778.330 940.894 27 25
4000.000 810.690 941.010 27 26
3000.000 842.377 941.170 27 27
4000.000 874.084 940.804 27 28
3000.000 906.345 940.508 27 29
4000.000 937.684 940.468 27 30
3000.000 970.259 940.539 27 31
4000.000 1001.793 940.561 27 32
3000.000 1033.353 938.823 27 33
4000.000 1064.818 939.245 27 34
3000.000 1095.908 937.703 27 35
4000.000 1128.529 938.010 27 36
3000.000 1158.743 937.679 27 37
4000.000 1190.252 937.628 27 38
3000.000 1220.275 936.563 27 39
4000.000 1251.361 935.682 27 40
 0.000  0.000  0.000 27 41
 0.000  0.000  0.000 27 42
 0.000  0.000  0.000 27 43
 0.000  0.000  0.000 27 44
 0.000  0.000  0.000 28 0
4000.000 21.801 964.464 28 1
3000.000 52.279 965.574 28 2
4000.000 82.382 965.550 28 3
3000.000 112.838 966.545 28 4
4000.000 143.541 967.936 28 5
3000.000 174.553 968.267 28 6
4000.000 205.319 969.464 28 7
3000.000 236.798 970.033 28 8
4000.000 267.574 970.307 28 9
3000.000 298.611 971.586 28 10
4000.000 331.024 971.669 28 11
3000.000 362.805 971.770 28 12
4000.000 395.511 972.715 28 13
3000.000 426.046 972.275 28 14
4000.000 458.550 972.585 28 15
3000.000 490.471 972.540 28 16
4000.000 521.391 973.423 28 17
3000.000 554.085 972.804 28 18
4000.000 585.687 973.130 28 19
3000.000 617.892 972.611 28 20
4000.000 649.952 973.537 28 21
3000.000 682.269 973.261 28 22
4000.000 715.477 972.259 28 23
3000.000 745.556 972.096 28 24
4000.000 778.026 972.684 28 25
3000.000 809.504 973.140 28 26
4000.000 842.388 973.014 28 27
3000.000 874.269 972.206 28 28
4000.000 906.166 972.388 28 29
3000.000 938.061 972.294 28 30
4000.000 970.097 970.863 28 31
3000.000 1001.603 971.689 28 32
4000.000 1032.504 970.499 28 33
3000.000 1064.308 970.715 28 34
4000.000 1095.142 970.313 28 35
3000.000 1126.284 969.237 28 36
4000.000 1158.495 968.461 28 37
3000.000 1189.635 967.546 28 38
4000.000 1219.439 967.041 28 39
3000.000 1249.600 966.015 28 40
 0.000  0.000  0.000 28 41
 0.000  0.000  0.000 28 42
 0.000  0.000  0.000 28 43
 0.000  0.000  0.000 28 44
 0.000  0.000  0.000 29 0
3000.000 23.431 995.561 29 1
4000.000 53.294 996.279 29 2
3000.000 82.941 997.285 29 3
4000.000 113.347 997.870 29 4
3000.000 144.020 998.835 29 5
4000.000 174.268 999.952 29 6
3000.000 206.057 999.990 29 7
4000.000 237.007 1000.477 29 8
3000.000 268.185 1001.133 29 9
4000.000 299.181 1002.129 29 10
3000.000 331.297 1002.905 29 11
4000.000 363.021 1003.865 29 12
3000.000 394.946 1003.286 29 13
4000.000 426.320 1004.055 29 14
3000.000 457.649 1004.214 29 15
4000.000 490.070 1004.552 29 16
3000.000 521.921 1004.606 29 17
4000.000 554.432 1003.570 29 18
3000.000 585.760 1003.631 29 19
4000.000 618.269 1006.089 29 20
3000.000 649.803 1005.323 29 21
4000.000 682.542 1005.716 29 22
3000.000 714.478 1004.727 29 23
4000.000 746.208 1004.743 29 24
3000.000 777.839 1004.465 29 25
4000.000 810.190 1004.909 29 26
3000.000 841.430 1004.847 29 27
4000.000 874.079 1004.287 29 28
3000.000 906.080 1003.542 29 29
4000.000 936.619 1003.441 29 30
3000.000 969.246 1003.205 29 31
4000.000 1001.020 1002.315 29 32
3000.000 1032.301 1002.288 29 33
4000.000 1064.298 1001.379 29 34
3000.000 1094.530 1001.621 29 35
4000.000 1126.329 1001.145 29 36
100.000 1158.000 1001.000 29 37
4000.000 1188.629 999.485 29 38
3000.000 1218.891 997.826 29 39
4000.000 1249.738 997.218 29 40
 0.000  0.000  0.000 29 41
 0.000  0.000  0.000 29 42
 0.000  0.000  0.000 29 43
 0.000  0.000  0.000 29 44
 0.000  0.000  0.000 30 0
 0.000  0.000  0.000 30 1
 0.000  0.000  0.000 30 2
 0.000  0.000  0.000 30 3
 0.000  0.000  0.000 30 4
 0.000  0.000  0.000 30 5
 0.000  0.000  0.000 30 6
 0.000  0.000  0.000 30 7
 0.000  0.000  0.000 30 8
 0.000  0.000  0.000 30 9
 0.000  0.000  0.000 30 10
 0.000  0.000  0.000 30 11
 0.000  0.000  0.000 30 12
 0.000  0.000  0.000 30 13
 0.000  0.000  0.000 30 14
 0.000  0.000  0.000 30 15
 0.000  0.000  0.000 30 16
 0.000  0.000  0.000 30 17
 0.000  0.000  0.000 30 18
 0.000  0.000  0.000 30 19
 0.000  0.000  0.000 30 20
 0.000  0.000  0.000 30 21
 0.000  0.000  0.000 30 22
 0.000  0.000  0.000 30 23
 0.000  0.000  0.000 30 24
 0.000  0.000  0.000 30 25
 0.000  0.000  0.000 30 26
 0.000  0.000  0.000 30 27
 0.000  0.000  0.000 30 28
 0.000  0.000  0.000 30 29
 0.000  0.000  0.000 30 30
 0.000  0.000  0.000 30 31
 0.000  0.000  0.000 30 32
 0.000  0.000  0.000 30 33
 0.000  0.000  0.000 30 34
 0.000  0.000  0.000 30 35
 0.000  0.000  0.000 30 36
 0.000  0.000  0.000 30 37
 0.000  0.000  0.000 30 38
 0.000  0.000  0.000 30 39
 0.000  0.000  0.000 30 40
 0.000  0.000  0.000 30 41
 0.000  0.000  0.000 30 42
 0.000  0.000  0.000 30 43
 0.000  0.000  0.000 30 44
 0.000  0.000  0.000 31 0
 0.000  0.000  0.000 31 1
 0.000  0.000  0.000 31 2
 0.000  0.000  0.000 31 3
 0.000  0.000  0.000 31 4
 0.000  0.000  0.000 31 5
 0.000  0.000  0.000 31 6
 0.000  0.000  0.000 31 7
 0.000  0.000  0.000 31 8
 0.000  0.000  0.000 31 9
 0.000  0.000  0.000 31 10
 0.000  0.000  0.000 31 11
 0.000  0.000  0.000 31 12
 0.000  0.000  0.000 31 13
 0.000  0.000  0.000 31 14
 0.000  0.000  0.000 31 15
 0.000  0.000  0.000 31 16
 0.000  0.000  0.000 31 17
 0.000  0.000  0.000 31 18
 0.000  0.000  0.000 31 19
 0.000  0.000  0.000 31 20
 0.000  0.000  0.000 31 21
 0.000  0.000  0.000 31 22
 0.000  0.000  0.000 31 23
 0.000  0.000  0.000 31 24
 0.000  0.000  0.000 31 25
 0.000  0.000  0.000 31 26
 0.000  0.000  0.000 31 27
 0.000  0.000  0.000 31 28
 0.000  0.000  0.000 31 29
 0.000  0.000  0.000 31 30
 0.000  0.000  0.000 31 31
 0.000  0.000  0.000 31 32
 0.000  0.000  0.000 31 33
 0.000  0.000  0.000 31 34
 0.000  0.000  0.000 31 35
 0.000  0.000  0.000 31 36
 0.000  0.000  0.000 31 37
 0.000  0.000  0.000 31 38
 0.000  0.000  0.000 31 39
 0.000  0.000  0.000 31 40
 0.000  0.000  0.000 31 41
 0.000  0.000  0.000 31 42
 0.000  0.000  0.000 31 43
 0.000  0.000  0.000 31 44
 0.000  0.000  0.000 32 0
 0.000  0.000  0.000 32 1
 0.000  0.000  0.000 32 2
 0.000  0.000  0.000 32 3
 0.000  0.000  0.000 32 4
 0.000  0.000  0.000 32 5
 0.000  0.000  0.000 32 6
 0.000  0.000  0.000 32 7
 0.000  0.000  0.000 32 8
 0.000  0.000  0.000 32 9
 0.000  0.000  0.000 32 10
 0.000  0.000  0.000 32 11
 0.000  0.000  0.000 32 12
 0.000  0.000  0.000 32 13
 0.000  0.000  0.000 32 14
 0.000  0.000  0.000 32 15
 0.000  0.000  0.000 32 16
 0.000  0.000  0.000 32 17
 0.000  0.000  0.000 32 18
 0.000  0.000  0.000 32 19
 0.000  0.000  0.000 32 20
 0.000  0.000  0.000 32 21
 0.000  0.000  0.000 32 22
 0.000  0.000  0.000 32 23
 0.000  0.000  0.000 32 24
 0.000  0.000  0.000 32 25
 0.000  0.000  0.000 32 26
 0.000  0.000  0.000 32 27
 0.000  0.000  0.000 32 28
 0.000  0.000  0.000 32 29
 0.000  0.000  0.000 32 30
 0.000  0.000  0.000 32 31
 0.000  0.000  0.000 32 32
 0.000  0.000  0.000 32 33
 0.000  0.000  0.000 32 34
 0.000  0.000  0.000 32 35
 0.000  0.000  0.000 32 36
 0.000  0.000  0.000 32 37
 0.000  0.000  0.000 32 38
 0.000  0.000  0.000 32 39
 0.000  0.000  0.000 32 40
 0.000  0.000  0.000 32 41
 0.000  0.000  0.000 32 42
 0.000  0.000  0.000 32 43
 0.000  0.000  0.000 32 44
 0.000  0.000  0.000 33 0
 0.000  0.000  0.000 33 1
 0.000  0.000  0.000 33 2
 0.000  0.000  0.000 33 3
 0.000  0.000  0.000 33 4
 0.000  0.000  0.000 33 5
 0.000  0.000  0.000 33 6
 0.000  0.000  0.000 33 7
 0.000  0.000  0.000 33 8
 0.000  0.000  0.000 33 9
 0.000  0.000  0.000 33 10
 0.000  0.000  0.000 33 11
 0.000  0.000  0.000 33 12
 0.000  0.000  0.000 33 13
 0.000  0.000  0.000 33 14
 0.000  0.000  0.000 33 15
 0.000  0.000  0.000 33 16
 0.000  0.000  0.000 33 17
 0.000  0.000  0.000 33 18
 0.000  0.000  0.000 33 19
 0.000  0.000  0.000 33 20
 0.000  0.000  0.000 33 21
 0.000  0.000  0.000 33 22
 0.000  0.000  0.000 33 23
 0.000  0.000  0.000 33 24
 0.000  0.000  0.000 33 25
 0.000  0.000  0.000 33 26
 0.000  0.000  0.000 33 27
 0.000  0.000  0.000 33 28
 0.000  0.000  0.000 33 29
 0.000  0.000  0.000 33 30
 0.000  0.000  0.000 33 31
 0.000  0.000  0.000 33 32
 0.000  0.000  0.000 33 33
 0.000  0.000  0.000 33 34
 0.000  0.000  0.000 33 35
 0.000  0.000  0.000 33 36
 0.000  0.000  0.000 33 37
 0.000  0.000  0.000 33 38
 0.000  0.000  0.000 33 39
 0.000  0.000  0.000 33 40
 0.000  0.000  0.000 33 41
 0.000  0.000  0.000 33 42
 0.000  0.000  0.000 33 43
 0.000  0.000  0.000 33 44
 0.000  0.000  0.000 34 0
 0.000  0.000  0.000 34 1
 0.000  0.000  0.000 34 2
 0.000  0.000  0.000 34 3
 0.000  0.000  0.000 34 4
 0.000  0.000  0.000 34 5
 0.000  0.000  0.000 34 6
 0.000  0.000  0.000 34 7
 0.000  0.000  0.000 34 8
 0.000  0.000  0.000 34 9
 0.000  0.000  0.000 34 10
 0.000  0.000  0.000 34 11
 0.000  0.000  0.000 34 12
 0.000  0.000  0.000 34 13
 0.000  0.000  0.000 34 14
 0.000  0.000  0.000 34 15
 0.000  0.000  0.000 34 16
 0.000  0.000  0.000 34 17
 0.000  0.000  0.000 34 18
 0.000  0.000  0.000 34 19
 0.000  0.000  0.000 34 20
 0.000  0.000  0.000 34 21
 0.000  0.000  0.000 34 22
 0.000  0.000  0.000 34 23
 0.000  0.000  0.000 34 24
 0.000  0.000  0.000 34 25
 0.000  0.000  0.000 34 26
 0.000  0.000  0.000 34 27
 0.000  0.000  0.000 34 28
 0.000  0.000  0.000 34 29
 0.000  0.000  0.000 34 30
 0.000  0.000  0.000 34 31
 0.000  0.000  0.000 34 32
 0.000  0.000  0.000 34 33
 0.000  0.000  0.000 34 34
 0.000  0.000  0.000 34 35
 0.000  0.000  0.000 34 36
 0.000  0.000  0.000 34 37
 0.000  0.000  0.000 34 38
 0.000  0.000  0.000 34 39
 0.000  0.000  0.000 34 40
 0.000  0.000  0.000 34 41
 0.000  0.000  0.000 34 42
 0.000  0.000  0.000 34 43
 0.000  0.000  0.000 34 44
 0.000  0.000  0.000 35 0
 0.000  0.000  0.000 35 1
 0.000  0.000  0.000 35 2
 0.000  0.000  0.000 35 3
 0.000  0.000  0.000 35 4
 0.000  0.000  0.000 35 5
 0.000  0.000  0.000 35 6
 0.000  0.000  0.000 35 7
 0.000  0.000  0.000 35 8
 0.000  0.000  0.000 35 9
 0.000  0.000  0.000 35 10
 0.000  0.000  0.000 35 11
 0.000  0.000  0.000 35 12
 0.000  0.000  0.000 35 13
 0.000  0.000  0.000 35 14
 0.000  0.000  0.000 35 15
 0.000  0.000  0.000 35 16
 0.000  0.000  0.000 35 17
 0.000  0.000  0.000 35 18
 0.000  0.000  0.000 35 19
 0.000  0.000  0.000 35 20
 0.000  0.000  0.000 35 21
 0.000  0.000  0.000 35 22
 0.000  0.000  0.000 35 23
 0.000  0.000  0.000 35 24
 0.000  0.000  0.000 35 25
 0.000  0.000  0.000 35 26
 0.000  0.000  0.000 35 27
 0.000  0.000  0.000 35 28
 0.000  0.000  0.000 35 29
 0.000  0.000  0.000 35 30
 0.000  0.000  0.000 35 31
 0.000  0.000  0.000 35 32
 0.000  0.000  0.000 35 33
 0.000  0.000  0.000 35 34
 0.000  0.000  0.000 35 35
 0.000  0.000  0.000 35 36
 0.000  0.000  0.000 35 37
 0.000  0.000  0.000 35 38
 0.000  0.000  0.000 35 39
 0.000  0.000  0.000 35 40
 0.000  0.000  0.000 35 41
 0.000  0.000  0.000 35 42
 0.000  0.000  0.000 35 43
 0.000  0.000  0.000 35 44
 0.000  0.000  0.000 36 0
 0.000  0.000  0.000 36 1
 0.000  0.000  0.000 36 2
 0.000  0.000  0.000 36 3
 0.000  0.000  0.000 36 4
 0.000  0.000  0.000 36 5
 0.000  0.000  0.000 36 6
 0.000  0.000  0.000 36 7
 0.000  0.000  0.000 36 8
 0.000  0.000  0.000 36 9
 0.000  0.000  0.000 36 10
 0.000  0.000  0.000 36 11
 0.000  0.000  0.000 36 12
 0.000  0.000  0.000 36 13
 0.000  0.000  0.000 36 14
 0.000  0.000  0.000 36 15
 0.000  0.000  0.000 36 16
 0.000  0.000  0.000 36 17
 0.000  0.000  0.000 36 18
 0.000  0.000  0.000 36 19
 0.000  0.000  0.000 36 20
 0.000  0.000  0.000 36 21
 0.000  0.000  0.000 36 22
 0.000  0.000  0.000 36 23
 0.000  0.000  0.000 36 24
 0.000  0.000  0.000 36 25
 0.000  0.000  0.000 36 26
 0.000  0.000  0.000 36 27
 0.000  0.000  0.000 36 28
 0.000  0.000  0.000 36 29
 0.000  0.000  0.000 36 30
 0.000  0.000  0.000 36 31
 0.000  0.000  0.000 36 32
 0.000  0.000  0.000 36 33
 0.000  0.000  0.000 36 34
 0.000  0.000  0.000 36 35
 0.000  0.000  0.000 36 36
 0.000  0.000  0.000 36 37
 0.000  0.000  0.000 36 38
 0.000  0.000  0.000 36 39
 0.000  0.000  0.000 36 40
 0.000  0.000  0.000 36 41
 0.000  0.000  0.000 36 42
 0.000  0.000  0.000 36 43
 0.000  0.000  0.000 36 44
 0.000  0.000  0.000 37 0
 0.000  0.000  0.000 37 1
 0.000  0.000  0.000 37 2
 0.000  0.000  0.000 37 3
 0.000  0.000  0.000 37 4
 0.000  0.000  0.000 37 5
 0.000  0.000  0.000 37 6
 0.000  0.000  0.000 37 7
 0.000  0.000  0.000 37 8
 0.000  0.000  0.000 37 9
 0.000  0.000  0.000 37 10
 0.000  0.000  0.000 37 11
 0.000  0.000  0.000 37 12
 0.000  0.000  0.000 37 13
 0.000  0.000  0.000 37 14
 0.000  0.000  0.000 37 15
 0.000  0.000  0.000 37 16
 0.000  0.000  0.000 37 17
 0.000  0.000  0.000 37 18
 0.000  0.000  0.000 37 19
 0.000  0.000  0.000 37 20
 0.000  0.000  0.000 37 21
 0.000  0.000  0.000 37 22
 0.000  0.000  0.000 37 23
 0.000  0.000  0.000 37 24
 0.000  0.000  0.000 37 25
 0.000  0.000  0.000 37 26
 0.000  0.000  0.000 37 27
 0.000  0.000  0.000 37 28
 0.000  0.000  0.000 37 29
 0.000  0.000  0.000 37 30
 0.000  0.000  0.000 37 31
 0.000  0.000  0.000 37 32
 0.000  0.000  0.000 37 33
 0.000  0.000  0.000 37 34
 0.000  0.000  0.000 37 35
 0.000  0.000  0.000 37 36
 0.000  0.000  0.000 37 37
 0.000  0.000  0.000 37 38
 0.000  0.000  0.000 37 39
 0.000  0.000  0.000 37 40
 0.000  0.000  0.000 37 41
 0.000  0.000  0.000 37 42
 0.000  0.000  0.000 37 43
 0.000  0.000  0.000 37 44
 0.000  0.000  0.000 38 0
 0.000  0.000  0.000 38 1
 0.000  0.000  0.000 38 2
 0.000  0.000  0.000 38 3
 0.000  0.000  0.000 38 4
 0.000  0.000  0.000 38 5
 0.000  0.000  0.000 38 6
 0.000  0.000  0.000 38 7
 0.000  0.000  0.000 38 8
 0.000  0.000  0.000 38 9
 0.000  0.000  0.000 38 10
 0.000  0.000  0.000 38 11
 0.000  0.000  0.000 38 12
 0.000  0.000  0.000 38 13
 0.000  0.000  0.000 38 14
 0.000  0.000  0.000 38 15
 0.000  0.000  0.000 38 16
 0.000  0.000  0.000 38 17
 0.000  0.000  0.000 38 18
 0.000  0.000  0.000 38 19
 0.000  0.000  0.000 38 20
 0.000  0.000  0.000 38 21
 0.000  0.000  0.000 38 22
 0.000  0.000  0.000 38 23
 0.000  0.000  0.000 38 24
 0.000  0.000  0.000 38 25
 0.000  0.000  0.000 38 26
 0.000  0.000  0.000 38 27
 0.000  0.000  0.000 38 28
 0.000  0.000  0.000 38 29
 0.000  0.000  0.000 38 30
 0.000  0.000  0.000 38 31
 0.000  0.000  0.000 38 32
 0.000  0.000  0.000 38 33
 0.000  0.000  0.000 38 34
 0.000  0.000  0.000 38 35
 0.000  0.000  0.000 38 36
 0.000  0.000  0.000 38 37
 0.000  0.000  0.000 38 38
 0.000  0.000  0.000 38 39
 0.000  0.000  0.000 38 40
 0.000  0.000  0.000 38 41
 0.000  0.000  0.000 38 42
 0.000  0.000  0.000 38 43
 0.000  0.000  0.000 38 44
 0.000  0.000  0.000 39 0
 0.000  0.000  0.000 39 1
 0.000  0.000  0.000 39 2
 0.000  0.000  0.000 39 3
 0.000  0.000  0.000 39 4
 0.000  0.000  0.000 39 5
 0.000  0.000  0.000 39 6
 0.000  0.000  0.000 39 7
 0.000  0.000  0.000 39 8
 0.000  0.000  0.000 39 9
 0.000  0.000  0.000 39 10
 0.000  0.000  0.000 39 11
 0.000  0.000  0.000 39 12
 0.000  0.000  0.000 39 13
 0.000  0.000  0.000 39 14
 0.000  0.000  0.000 39 15
 0.000  0.000  0.000 39 16
 0.000  0.000  0.000 39 17
 0.000  0.000  0.000 39 18
 0.000  0.000  0.000 39 19
 0.000  0.000  0.000 39 20
 0.000  0.000  0.000 39 21
 0.000  0.000  0.000 39 22
 0.000  0.000  0.000 39 23
 0.000  0.000  0.000 39 24
 0.000  0.000  0.000 39 25
 0.000  0.000  0.000 39 26
 0.000  0.000  0.000 39 27
 0.000  0.000  0.000 39 28
 0.000  0.000  0.000 39 29
 0.000  0.000  0.000 39 30
 0.000  0.000  0.000 39 31
 0.000  0.000  0.000 39 32
 0.000  0.000  0.000 39 33
 0.000  0.000  0.000 39 34
 0.000  0.000  0.000 39 35
 0.000  0.000  0.000 39 36
 0.000  0.000  0.000 39 37
 0.000  0.000  0.000 39 38
 0.000  0.000  0.000 39 39
 0.000  0.000  0.000 39 40
 0.000  0.000  0.000 39 41
 0.000  0.000  0.000 39 42
 0.000  0.000  0.000 39 43
 0.000  0.000  0.000 39 44
 0.000  0.000  0.000 40 0
 0.000  0.000  0.000 40 1
 0.000  0.000  0.000 40 2
 0.000  0.000  0.000 40 3
 0.000  0.000  0.000 40 4
 0.000  0.000  0.000 40 5
 0.000  0.000  0.000 40 6
 0.000  0.000  0.000 40 7
 0.000  0.000  0.000 40 8
 0.000  0.000  0.000 40 9
 0.000  0.000  0.000 40 10
 0.000  0.000  0.000 40 11
 0.000  0.000  0.000 40 12
 0.000  0.000  0.000 40 13
 0.000  0.000  0.000 40 14
 0.000  0.000  0.000 40 15
 0.000  0.000  0.000 40 16
 0.000  0.000  0.000 40 17
 0.000  0.000  0.000 40 18
 0.000  0.000  0.000 40 19
 0.000  0.000  0.000 40 20
 0.000  0.000  0.000 40 21
 0.000  0.000  0.000 40 22
 0.000  0.000  0.000 40 23
 0.000  0.000  0.000 40 24
 0.000  0.000  0.000 40 25
 0.000  0.000  0.000 40 26
 0.000  0.000  0.000 40 27
 0.000  0.000  0.000 40 28
 0.000  0.000  0.000 40 29
 0.000  0.000  0.000 40 30
 0.000  0.000  0.000 40 31
 0.000  0.000  0.000 40 32
 0.000  0.000  0.000 40 33
 0.000  0.000  0.000 40 34
 0.000  0.000  0.000 40 35
 0.000  0.000  0.000 40 36
 0.000  0.000  0.000 40 37
 0.000  0.000  0.000 40 38
 0.000  0.000  0.000 40 39
 0.000  0.000  0.000 40 40
 0.000  0.000  0.000 40 41
 0.000  0.000  0.000 40 42
 0.000  0.000  0.000 40 43
 0.000  0.000  0.000 40 44
 0.000  0.000  0.000 41 0
 0.000  0.000  0.000 41 1
 0.000  0.000  0.000 41 2
 0.000  0.000  0.000 41 3
 0.000  0.000  0.000 41 4
 0.000  0.000  0.000 41 5
 0.000  0.000  0.000 41 6
 0.000  0.000  0.000 41 7
 0.000  0.000  0.000 41 8
 0.000  0.000  0.000 41 9
 0.000  0.000  0.000 41 10
 0.000  0.000  0.000 41 11
 0.000  0.000  0.000 41 12
 0.000  0.000  0.000 41 13
 0.000  0.000  0.000 41 14
 0.000  0.000  0.000 41 15
 0.000  0.000  0.000 41 16
 0.000  0.000  0.000 41 17
 0.000  0.000  0.000 41 18
 0.000  0.000  0.000 41 19
 0.000  0.000  0.000 41 20
 0.000  0.000  0.000 41 21
 0.000  0.000  0.000 41 22
 0.000  0.000  0.000 41 23
 0.000  0.000  0.000 41 24
 0.000  0.000  0.000 41 25
 0.000  0.000  0.000 41 26
 0.000  0.000  0.000 41 27
 0.000  0.000  0.000 41 28
 0.000  0.000  0.000 41 29
 0.000  0.000  0.000 41 30
 0.000  0.000  0.000 41 31
 0.000  0.000  0.000 41 32
 0.000  0.000  0.000 41 33
 0.000  0.000  0.000 41 34
 0.000  0.000  0.000 41 35
 0.000  0.000  0.000 41 36
 0.000  0.000  0.000 41 37
 0.000  0.000  0.000 41 38
 0.000  0.000  0.000 41 39
 0.000  0.000  0.000 41 40
 0.000  0.000  0.000 41 41
 0.000  0.000  0.000 41 42
 0.000  0.000  0.000 41 43
 0.000  0.000  0.000 41 44
 0.000  0.000  0.000 42 0
 0.000  0.000  0.000 42 1
 0.000  0.000  0.000 42 2
 0.000  0.000  0.000 42 3
 0.000  0.000  0.000 42 4
 0.000  0.000  0.000 42 5
 0.000  0.000  0.000 42 6
 0.000  0.000  0.000 42 7
 0.000  0.000  0.000 42 8
 0.000  0.000  0.000 42 9
 0.000  0.000  0.000 42 10
 0.000  0.000  0.000 42 11
 0.000  0.000  0.000 42 12
 0.000  0.000  0.000 42 13
 0.000  0.000  0.000 42 14
 0.000  0.000  0.000 42 15
 0.000  0.000  0.000 42 16
 0.000  0.000  0.000 42 17
 0.000  0.000  0.000 42 18
 0.000  0.000  0.000 42 19
 0.000  0.000  0.000 42 20
 0.000  0.000  0.000 42 21
 0.000  0.000  0.000 42 22
 0.000  0.000  0.000 42 23
 0.000  0.000  0.000 42 24
 0.000  0.000  0.000 42 25
 0.000  0.000  0.000 42 26
 0.000  0.000  0.000 42 27
 0.000  0.000  0.000 42 28
 0.000  0.000  0.000 42 29
 0.000  0.000  0.000 42 30
 0.000  0.000  0.000 42 31
 0.000  0.000  0.000 42 32
 0.000  0.000  0.000 42 33
 0.000  0.000  0.000 42 34
 0.000  0.000  0.000 42 35
 0.000  0.000  0.000 42 36
 0.000  0.000  0.000 42 37
 0.000  0.000  0.000 42 38
 0.000  0.000  0.000 42 39
 0.000  0.000  0.000 42 40
 0.000  0.000  0.000 42 41
 0.000  0.000  0.000 42 42
 0.000  0.000  0.000 42 43
 0.000  0.000  0.000 42 44
 0.000  0.000  0.000 43 0
 0.000  0.000  0.000 43 1
 0.000  0.000  0.000 43 2
 0.000  0.000  0.000 43 3
 0.000  0.000  0.000 43 4
 0.000  0.000  0.000 43 5
 0.000  0.000  0.000 43 6
 0.000  0.000  0.000 43 7
 0.000  0.000  0.000 43 8
 0.000  0.000  0.000 43 9
 0.000  0.000  0.000 43 10
 0.000  0.000  0.000 43 11
 0.000  0.000  0.000 43 12
 0.000  0.000  0.000 43 13
 0.000  0.000  0.000 43 14
 0.000  0.000  0.000 43 15
 0.000  0.000  0.000 43 16
 0.000  0.000  0.000 43 17
 0.000  0.000  0.000 43 18
 0.000  0.000  0.000 43 19
 0.000  0.000  0.000 43 20
 0.000  0.000  0.000 43 21
 0.000  0.000  0.000 43 22
 0.000  0.000  0.000 43 23
 0.000  0.000  0.000 43 24
 0.000  0.000  0.000 43 25
 0.000  0.000  0.000 43 26
 0.000  0.000  0.000 43 27
 0.000  0.000  0.000 43 28
 0.000  0.000  0.000 43 29
 0.000  0.000  0.000 43 30
 0.000  0.000  0.000 43 31
 0.000  0.000  0.000 43 32
 0.000  0.000  0.000 43 33
 0.000  0.000  0.000 43 34
 0.000  0.000  0.000 43 35
 0.000  0.000  0.000 43 36
 0.000  0.000  0.000 43 37
 0.000  0.000  0.000 43 38
 0.000  0.000  0.000 43 39
 0.000  0.000  0.000 43 40
 0.000  0.000  0.000 43 41
 0.000  0.000  0.000 43 42
 0.000  0.000  0.000 43 43
 0.000  0.000  0.000 43 44
 0.000  0.000  0.000 44 0
 0.000  0.000  0.000 44 1
 0.000  0.000  0.000 44 2
 0.000  0.000  0.000 44 3
 0.000  0.000  0.000 44 4
 0.000  0.000  0.000 44 5
 0.000  0.000  0.000 44 6
 0.000  0.000  0.000 44 7
 0.000  0.000  0.000 44 8
 0.000  0.000  0.000 44 9
 0.000  0.000  0.000 44 10
 0.000  0.000  0.000 44 11
 0.000  0.000  0.000 44 12
 0.000  0.000  0.000 44 13
 0.000  0.000  0.000 44 14
 0.000  0.000  0.000 44 15
 0.000  0.000  0.000 44 16
 0.000  0.000  0.000 44 17
 0.000  0.000  0.000 44 18
 0.000  0.000  0.000 44 19
 0.000  0.000  0.000 44 20
 0.000  0.000  0.000 44 21
 0.000  0.000  0.000 44 22
 0.000  0.000  0.000 44 23
 0.000  0.000  0.000 44 24
 0.000  0.000  0.000 44 25
 0.000  0.000  0.000 44 26
 0.000  0.000  0.000 44 27
 0.000  0.000  0.000 44 28
 0.000  0.000  0.000 44 29
 0.000  0.000  0.000 44 30
 0.000  0.000  0.000 44 31
 0.000  0.000  0.000 44 32
 0.000  0.000  0.000 44 33
 0.000  0.000  0.000 44 34
 0.000  0.000  0.000 44 35
 0.000  0.000  0.000 44 36
 0.000  0.000  0.000 44 37
 0.000  0.000  0.000 44 38
 0.000  0.000  0.000 44 39
 0.000  0.000  0.000 44 40
 0.000  0.000  0.000 44 41
 0.000  0.000  0.000 44 42
 0.000  0.000  0.000 44 43
 0.000  0.000  0.000 44 44
