 0.000  0.000  0.000 0 0
 0.000  0.000  0.000 0 1
 0.000  0.000  0.000 0 2
 0.000  0.000  0.000 0 3
 0.000  0.000  0.000 0 4
 0.000  0.000  0.000 0 5
 0.000  0.000  0.000 0 6
 0.000  0.000  0.000 0 7
 0.000  0.000  0.000 0 8
 0.000  0.000  0.000 0 9
 0.000  0.000  0.000 0 10
 0.000  0.000  0.000 0 11
 0.000  0.000  0.000 0 12
 0.000  0.000  0.000 0 13
 0.000  0.000  0.000 0 14
 0.000  0.000  0.000 0 15
 0.000  0.000  0.000 0 16
 0.000  0.000  0.000 0 17
 0.000  0.000  0.000 0 18
 0.000  0.000  0.000 0 19
 0.000  0.000  0.000 0 20
 0.000  0.000  0.000 0 21
 0.000  0.000  0.000 0 22
 0.000  0.000  0.000 0 23
 0.000  0.000  0.000 0 24
 0.000  0.000  0.000 0 25
 0.000  0.000  0.000 0 26
 0.000  0.000  0.000 0 27
 0.000  0.000  0.000 0 28
 0.000  0.000  0.000 0 29
 0.000  0.000  0.000 0 30
 0.000  0.000  0.000 0 31
 0.000  0.000  0.000 0 32
 0.000  0.000  0.000 0 33
 0.000  0.000  0.000 0 34
 0.000  0.000  0.000 0 35
 0.000  0.000  0.000 0 36
 0.000  0.000  0.000 0 37
 0.000  0.000  0.000 0 38
 0.000  0.000  0.000 0 39
 0.000  0.000  0.000 0 40
 0.000  0.000  0.000 0 41
 0.000  0.000  0.000 0 42
 0.000  0.000  0.000 0 43
 0.000  0.000  0.000 0 44
 0.000  0.000  0.000 1 0
 0.000  0.000  0.000 1 1
 0.000  0.000  0.000 1 2
 0.000  0.000  0.000 1 3
 0.000  0.000  0.000 1 4
 0.000  0.000  0.000 1 5
 0.000  0.000  0.000 1 6
 0.000  0.000  0.000 1 7
 0.000  0.000  0.000 1 8
 0.000  0.000  0.000 1 9
 0.000  0.000  0.000 1 10
 0.000  0.000  0.000 1 11
 0.000  0.000  0.000 1 12
 0.000  0.000  0.000 1 13
 0.000  0.000  0.000 1 14
 0.000  0.000  0.000 1 15
 0.000  0.000  0.000 1 16
 0.000  0.000  0.000 1 17
 0.000  0.000  0.000 1 18
 0.000  0.000  0.000 1 19
 0.000  0.000  0.000 1 20
 0.000  0.000  0.000 1 21
 0.000  0.000  0.000 1 22
 0.000  0.000  0.000 1 23
 0.000  0.000  0.000 1 24
 0.000  0.000  0.000 1 25
 0.000  0.000  0.000 1 26
 0.000  0.000  0.000 1 27
 0.000  0.000  0.000 1 28
 0.000  0.000  0.000 1 29
 0.000  0.000  0.000 1 30
 0.000  0.000  0.000 1 31
 0.000  0.000  0.000 1 32
 0.000  0.000  0.000 1 33
 0.000  0.000  0.000 1 34
 0.000  0.000  0.000 1 35
 0.000  0.000  0.000 1 36
 0.000  0.000  0.000 1 37
 0.000  0.000  0.000 1 38
 0.000  0.000  0.000 1 39
 0.000  0.000  0.000 1 40
 0.000  0.000  0.000 1 41
 0.000  0.000  0.000 1 42
 0.000  0.000  0.000 1 43
 0.000  0.000  0.000 1 44
 0.000  0.000  0.000 2 0
 0.000  0.000  0.000 2 1
 0.000  0.000  0.000 2 2
 0.000  0.000  0.000 2 3
 0.000  0.000  0.000 2 4
 0.000  0.000  0.000 2 5
 0.000  0.000  0.000 2 6
 0.000  0.000  0.000 2 7
 0.000  0.000  0.000 2 8
 0.000  0.000  0.000 2 9
 0.000  0.000  0.000 2 10
 0.000  0.000  0.000 2 11
 0.000  0.000  0.000 2 12
 0.000  0.000  0.000 2 13
 0.000  0.000  0.000 2 14
 0.000  0.000  0.000 2 15
 0.000  0.000  0.000 2 16
 0.000  0.000  0.000 2 17
 0.000  0.000  0.000 2 18
 0.000  0.000  0.000 2 19
 0.000  0.000  0.000 2 20
 0.000  0.000  0.000 2 21
 0.000  0.000  0.000 2 22
 0.000  0.000  0.000 2 23
 0.000  0.000  0.000 2 24
 0.000  0.000  0.000 2 25
 0.000  0.000  0.000 2 26
 0.000  0.000  0.000 2 27
 0.000  0.000  0.000 2 28
 0.000  0.000  0.000 2 29
 0.000  0.000  0.000 2 30
 0.000  0.000  0.000 2 31
 0.000  0.000  0.000 2 32
 0.000  0.000  0.000 2 33
 0.000  0.000  0.000 2 34
 0.000  0.000  0.000 2 35
 0.000  0.000  0.000 2 36
 0.000  0.000  0.000 2 37
 0.000  0.000  0.000 2 38
 0.000  0.000  0.000 2 39
 0.000  0.000  0.000 2 40
 0.000  0.000  0.000 2 41
 0.000  0.000  0.000 2 42
 0.000  0.000  0.000 2 43
 0.000  0.000  0.000 2 44
 0.000  0.000  0.000 3 0
 0.000  0.000  0.000 3 1
 0.000  0.000  0.000 3 2
 0.000  0.000  0.000 3 3
 0.000  0.000  0.000 3 4
 0.000  0.000  0.000 3 5
 0.000  0.000  0.000 3 6
 0.000  0.000  0.000 3 7
 0.000  0.000  0.000 3 8
 0.000  0.000  0.000 3 9
 0.000  0.000  0.000 3 10
 0.000  0.000  0.000 3 11
 0.000  0.000  0.000 3 12
 0.000  0.000  0.000 3 13
 0.000  0.000  0.000 3 14
 0.000  0.000  0.000 3 15
 0.000  0.000  0.000 3 16
 0.000  0.000  0.000 3 17
 0.000  0.000  0.000 3 18
 0.000  0.000  0.000 3 19
 0.000  0.000  0.000 3 20
 0.000  0.000  0.000 3 21
 0.000  0.000  0.000 3 22
 0.000  0.000  0.000 3 23
 0.000  0.000  0.000 3 24
 0.000  0.000  0.000 3 25
 0.000  0.000  0.000 3 26
 0.000  0.000  0.000 3 27
 0.000  0.000  0.000 3 28
 0.000  0.000  0.000 3 29
 0.000  0.000  0.000 3 30
 0.000  0.000  0.000 3 31
 0.000  0.000  0.000 3 32
 0.000  0.000  0.000 3 33
 0.000  0.000  0.000 3 34
 0.000  0.000  0.000 3 35
 0.000  0.000  0.000 3 36
 0.000  0.000  0.000 3 37
 0.000  0.000  0.000 3 38
 0.000  0.000  0.000 3 39
 0.000  0.000  0.000 3 40
 0.000  0.000  0.000 3 41
 0.000  0.000  0.000 3 42
 0.000  0.000  0.000 3 43
 0.000  0.000  0.000 3 44
 0.000  0.000  0.000 4 0
 0.000  0.000  0.000 4 1
 0.000  0.000  0.000 4 2
 0.000  0.000  0.000 4 3
 0.000  0.000  0.000 4 4
 0.000  0.000  0.000 4 5
 0.000  0.000  0.000 4 6
 0.000  0.000  0.000 4 7
 0.000  0.000  0.000 4 8
 0.000  0.000  0.000 4 9
 0.000  0.000  0.000 4 10
 0.000  0.000  0.000 4 11
 0.000  0.000  0.000 4 12
 0.000  0.000  0.000 4 13
 0.000  0.000  0.000 4 14
 0.000  0.000  0.000 4 15
 0.000  0.000  0.000 4 16
 0.000  0.000  0.000 4 17
 0.000  0.000  0.000 4 18
 0.000  0.000  0.000 4 19
 0.000  0.000  0.000 4 20
 0.000  0.000  0.000 4 21
 0.000  0.000  0.000 4 22
 0.000  0.000  0.000 4 23
 0.000  0.000  0.000 4 24
 0.000  0.000  0.000 4 25
 0.000  0.000  0.000 4 26
 0.000  0.000  0.000 4 27
 0.000  0.000  0.000 4 28
 0.000  0.000  0.000 4 29
 0.000  0.000  0.000 4 30
 0.000  0.000  0.000 4 31
 0.000  0.000  0.000 4 32
 0.000  0.000  0.000 4 33
 0.000  0.000  0.000 4 34
 0.000  0.000  0.000 4 35
 0.000  0.000  0.000 4 36
 0.000  0.000  0.000 4 37
 0.000  0.000  0.000 4 38
 0.000  0.000  0.000 4 39
 0.000  0.000  0.000 4 40
 0.000  0.000  0.000 4 41
 0.000  0.000  0.000 4 42
 0.000  0.000  0.000 4 43
 0.000  0.000  0.000 4 44
 0.000  0.000  0.000 5 0
 0.000  0.000  0.000 5 1
 0.000  0.000  0.000 5 2
 0.000  0.000  0.000 5 3
 0.000  0.000  0.000 5 4
 0.000  0.000  0.000 5 5
 0.000  0.000  0.000 5 6
 0.000  0.000  0.000 5 7
 0.000  0.000  0.000 5 8
 0.000  0.000  0.000 5 9
 0.000  0.000  0.000 5 10
 0.000  0.000  0.000 5 11
 0.000  0.000  0.000 5 12
 0.000  0.000  0.000 5 13
 0.000  0.000  0.000 5 14
 0.000  0.000  0.000 5 15
 0.000  0.000  0.000 5 16
 0.000  0.000  0.000 5 17
 0.000  0.000  0.000 5 18
 0.000  0.000  0.000 5 19
 0.000  0.000  0.000 5 20
 0.000  0.000  0.000 5 21
 0.000  0.000  0.000 5 22
 0.000  0.000  0.000 5 23
 0.000  0.000  0.000 5 24
 0.000  0.000  0.000 5 25
 0.000  0.000  0.000 5 26
 0.000  0.000  0.000 5 27
 0.000  0.000  0.000 5 28
 0.000  0.000  0.000 5 29
 0.000  0.000  0.000 5 30
 0.000  0.000  0.000 5 31
 0.000  0.000  0.000 5 32
 0.000  0.000  0.000 5 33
 0.000  0.000  0.000 5 34
 0.000  0.000  0.000 5 35
 0.000  0.000  0.000 5 36
 0.000  0.000  0.000 5 37
 0.000  0.000  0.000 5 38
 0.000  0.000  0.000 5 39
 0.000  0.000  0.000 5 40
 0.000  0.000  0.000 5 41
 0.000  0.000  0.000 5 42
 0.000  0.000  0.000 5 43
 0.000  0.000  0.000 5 44
 0.000  0.000  0.000 6 0
 0.000  0.000  0.000 6 1
 0.000  0.000  0.000 6 2
 0.000  0.000  0.000 6 3
 0.000  0.000  0.000 6 4
 0.000  0.000  0.000 6 5
 0.000  0.000  0.000 6 6
 0.000  0.000  0.000 6 7
 0.000  0.000  0.000 6 8
 0.000  0.000  0.000 6 9
 0.000  0.000  0.000 6 10
 0.000  0.000  0.000 6 11
 0.000  0.000  0.000 6 12
 0.000  0.000  0.000 6 13
 0.000  0.000  0.000 6 14
 0.000  0.000  0.000 6 15
 0.000  0.000  0.000 6 16
 0.000  0.000  0.000 6 17
 0.000  0.000  0.000 6 18
 0.000  0.000  0.000 6 19
 0.000  0.000  0.000 6 20
 0.000  0.000  0.000 6 21
 0.000  0.000  0.000 6 22
 0.000  0.000  0.000 6 23
 0.000  0.000  0.000 6 24
 0.000  0.000  0.000 6 25
 0.000  0.000  0.000 6 26
 0.000  0.000  0.000 6 27
 0.000  0.000  0.000 6 28
 0.000  0.000  0.000 6 29
 0.000  0.000  0.000 6 30
 0.000  0.000  0.000 6 31
 0.000  0.000  0.000 6 32
 0.000  0.000  0.000 6 33
 0.000  0.000  0.000 6 34
 0.000  0.000  0.000 6 35
 0.000  0.000  0.000 6 36
 0.000  0.000  0.000 6 37
 0.000  0.000  0.000 6 38
 0.000  0.000  0.000 6 39
 0.000  0.000  0.000 6 40
 0.000  0.000  0.000 6 41
 0.000  0.000  0.000 6 42
 0.000  0.000  0.000 6 43
 0.000  0.000  0.000 6 44
 0.000  0.000  0.000 7 0
 0.000  0.000  0.000 7 1
 0.000  0.000  0.000 7 2
 0.000  0.000  0.000 7 3
 0.000  0.000  0.000 7 4
 0.000  0.000  0.000 7 5
 0.000  0.000  0.000 7 6
 0.000  0.000  0.000 7 7
 0.000  0.000  0.000 7 8
 0.000  0.000  0.000 7 9
 0.000  0.000  0.000 7 10
 0.000  0.000  0.000 7 11
 0.000  0.000  0.000 7 12
 0.000  0.000  0.000 7 13
 0.000  0.000  0.000 7 14
 0.000  0.000  0.000 7 15
 0.000  0.000  0.000 7 16
 0.000  0.000  0.000 7 17
 0.000  0.000  0.000 7 18
 0.000  0.000  0.000 7 19
 0.000  0.000  0.000 7 20
 0.000  0.000  0.000 7 21
 0.000  0.000  0.000 7 22
 0.000  0.000  0.000 7 23
 0.000  0.000  0.000 7 24
 0.000  0.000  0.000 7 25
 0.000  0.000  0.000 7 26
 0.000  0.000  0.000 7 27
 0.000  0.000  0.000 7 28
 0.000  0.000  0.000 7 29
 0.000  0.000  0.000 7 30
 0.000  0.000  0.000 7 31
 0.000  0.000  0.000 7 32
 0.000  0.000  0.000 7 33
 0.000  0.000  0.000 7 34
 0.000  0.000  0.000 7 35
 0.000  0.000  0.000 7 36
 0.000  0.000  0.000 7 37
 0.000  0.000  0.000 7 38
 0.000  0.000  0.000 7 39
 0.000  0.000  0.000 7 40
 0.000  0.000  0.000 7 41
 0.000  0.000  0.000 7 42
 0.000  0.000  0.000 7 43
 0.000  0.000  0.000 7 44
 0.000  0.000  0.000 8 0
 0.000  0.000  0.000 8 1
 0.000  0.000  0.000 8 2
 0.000  0.000  0.000 8 3
 0.000  0.000  0.000 8 4
 0.000  0.000  0.000 8 5
 0.000  0.000  0.000 8 6
 0.000  0.000  0.000 8 7
 0.000  0.000  0.000 8 8
 0.000  0.000  0.000 8 9
 0.000  0.000  0.000 8 10
 0.000  0.000  0.000 8 11
 0.000  0.000  0.000 8 12
 0.000  0.000  0.000 8 13
 0.000  0.000  0.000 8 14
 0.000  0.000  0.000 8 15
 0.000  0.000  0.000 8 16
 0.000  0.000  0.000 8 17
 0.000  0.000  0.000 8 18
 0.000  0.000  0.000 8 19
 0.000  0.000  0.000 8 20
 0.000  0.000  0.000 8 21
 0.000  0.000  0.000 8 22
 0.000  0.000  0.000 8 23
 0.000  0.000  0.000 8 24
 0.000  0.000  0.000 8 25
 0.000  0.000  0.000 8 26
 0.000  0.000  0.000 8 27
 0.000  0.000  0.000 8 28
 0.000  0.000  0.000 8 29
 0.000  0.000  0.000 8 30
 0.000  0.000  0.000 8 31
 0.000  0.000  0.000 8 32
 0.000  0.000  0.000 8 33
 0.000  0.000  0.000 8 34
 0.000  0.000  0.000 8 35
 0.000  0.000  0.000 8 36
 0.000  0.000  0.000 8 37
 0.000  0.000  0.000 8 38
 0.000  0.000  0.000 8 39
 0.000  0.000  0.000 8 40
 0.000  0.000  0.000 8 41
 0.000  0.000  0.000 8 42
 0.000  0.000  0.000 8 43
 0.000  0.000  0.000 8 44
 0.000  0.000  0.000 9 0
 0.000  0.000  0.000 9 1
 0.000  0.000  0.000 9 2
 0.000  0.000  0.000 9 3
 0.000  0.000  0.000 9 4
 0.000  0.000  0.000 9 5
 0.000  0.000  0.000 9 6
 0.000  0.000  0.000 9 7
 0.000  0.000  0.000 9 8
 0.000  0.000  0.000 9 9
 0.000  0.000  0.000 9 10
 0.000  0.000  0.000 9 11
 0.000  0.000  0.000 9 12
 0.000  0.000  0.000 9 13
 0.000  0.000  0.000 9 14
 0.000  0.000  0.000 9 15
 0.000  0.000  0.000 9 16
 0.000  0.000  0.000 9 17
 0.000  0.000  0.000 9 18
 0.000  0.000  0.000 9 19
 0.000  0.000  0.000 9 20
 0.000  0.000  0.000 9 21
 0.000  0.000  0.000 9 22
 0.000  0.000  0.000 9 23
 0.000  0.000  0.000 9 24
 0.000  0.000  0.000 9 25
 0.000  0.000  0.000 9 26
 0.000  0.000  0.000 9 27
 0.000  0.000  0.000 9 28
 0.000  0.000  0.000 9 29
 0.000  0.000  0.000 9 30
 0.000  0.000  0.000 9 31
 0.000  0.000  0.000 9 32
 0.000  0.000  0.000 9 33
 0.000  0.000  0.000 9 34
 0.000  0.000  0.000 9 35
 0.000  0.000  0.000 9 36
 0.000  0.000  0.000 9 37
 0.000  0.000  0.000 9 38
 0.000  0.000  0.000 9 39
 0.000  0.000  0.000 9 40
 0.000  0.000  0.000 9 41
 0.000  0.000  0.000 9 42
 0.000  0.000  0.000 9 43
 0.000  0.000  0.000 9 44
 0.000  0.000  0.000 10 0
 0.000  0.000  0.000 10 1
 0.000  0.000  0.000 10 2
 0.000  0.000  0.000 10 3
 0.000  0.000  0.000 10 4
 0.000  0.000  0.000 10 5
 0.000  0.000  0.000 10 6
 0.000  0.000  0.000 10 7
 0.000  0.000  0.000 10 8
 0.000  0.000  0.000 10 9
 0.000  0.000  0.000 10 10
 0.000  0.000  0.000 10 11
 0.000  0.000  0.000 10 12
 0.000  0.000  0.000 10 13
 0.000  0.000  0.000 10 14
 0.000  0.000  0.000 10 15
 0.000  0.000  0.000 10 16
 0.000  0.000  0.000 10 17
 0.000  0.000  0.000 10 18
 0.000  0.000  0.000 10 19
 0.000  0.000  0.000 10 20
 0.000  0.000  0.000 10 21
 0.000  0.000  0.000 10 22
 0.000  0.000  0.000 10 23
 0.000  0.000  0.000 10 24
 0.000  0.000  0.000 10 25
 0.000  0.000  0.000 10 26
 0.000  0.000  0.000 10 27
 0.000  0.000  0.000 10 28
 0.000  0.000  0.000 10 29
 0.000  0.000  0.000 10 30
 0.000  0.000  0.000 10 31
 0.000  0.000  0.000 10 32
 0.000  0.000  0.000 10 33
 0.000  0.000  0.000 10 34
 0.000  0.000  0.000 10 35
 0.000  0.000  0.000 10 36
 0.000  0.000  0.000 10 37
 0.000  0.000  0.000 10 38
 0.000  0.000  0.000 10 39
 0.000  0.000  0.000 10 40
 0.000  0.000  0.000 10 41
 0.000  0.000  0.000 10 42
 0.000  0.000  0.000 10 43
 0.000  0.000  0.000 10 44
 0.000  0.000  0.000 11 0
 0.000  0.000  0.000 11 1
 0.000  0.000  0.000 11 2
 0.000  0.000  0.000 11 3
 0.000  0.000  0.000 11 4
 0.000  0.000  0.000 11 5
 0.000  0.000  0.000 11 6
 0.000  0.000  0.000 11 7
 0.000  0.000  0.000 11 8
 0.000  0.000  0.000 11 9
 0.000  0.000  0.000 11 10
 0.000  0.000  0.000 11 11
 0.000  0.000  0.000 11 12
 0.000  0.000  0.000 11 13
 0.000  0.000  0.000 11 14
 0.000  0.000  0.000 11 15
 0.000  0.000  0.000 11 16
 0.000  0.000  0.000 11 17
 0.000  0.000  0.000 11 18
 0.000  0.000  0.000 11 19
 0.000  0.000  0.000 11 20
 0.000  0.000  0.000 11 21
 0.000  0.000  0.000 11 22
 0.000  0.000  0.000 11 23
 0.000  0.000  0.000 11 24
 0.000  0.000  0.000 11 25
 0.000  0.000  0.000 11 26
 0.000  0.000  0.000 11 27
 0.000  0.000  0.000 11 28
 0.000  0.000  0.000 11 29
 0.000  0.000  0.000 11 30
 0.000  0.000  0.000 11 31
 0.000  0.000  0.000 11 32
 0.000  0.000  0.000 11 33
 0.000  0.000  0.000 11 34
 0.000  0.000  0.000 11 35
 0.000  0.000  0.000 11 36
 0.000  0.000  0.000 11 37
 0.000  0.000  0.000 11 38
 0.000  0.000  0.000 11 39
 0.000  0.000  0.000 11 40
 0.000  0.000  0.000 11 41
 0.000  0.000  0.000 11 42
 0.000  0.000  0.000 11 43
 0.000  0.000  0.000 11 44
 0.000  0.000  0.000 12 0
 0.000  0.000  0.000 12 1
 0.000  0.000  0.000 12 2
 0.000  0.000  0.000 12 3
 0.000  0.000  0.000 12 4
 0.000  0.000  0.000 12 5
 0.000  0.000  0.000 12 6
 0.000  0.000  0.000 12 7
 0.000  0.000  0.000 12 8
 0.000  0.000  0.000 12 9
 0.000  0.000  0.000 12 10
 0.000  0.000  0.000 12 11
 0.000  0.000  0.000 12 12
 0.000  0.000  0.000 12 13
 0.000  0.000  0.000 12 14
 0.000  0.000  0.000 12 15
 0.000  0.000  0.000 12 16
 0.000  0.000  0.000 12 17
 0.000  0.000  0.000 12 18
 0.000  0.000  0.000 12 19
 0.000  0.000  0.000 12 20
 0.000  0.000  0.000 12 21
 0.000  0.000  0.000 12 22
 0.000  0.000  0.000 12 23
 0.000  0.000  0.000 12 24
 0.000  0.000  0.000 12 25
 0.000  0.000  0.000 12 26
 0.000  0.000  0.000 12 27
 0.000  0.000  0.000 12 28
 0.000  0.000  0.000 12 29
 0.000  0.000  0.000 12 30
 0.000  0.000  0.000 12 31
 0.000  0.000  0.000 12 32
 0.000  0.000  0.000 12 33
 0.000  0.000  0.000 12 34
 0.000  0.000  0.000 12 35
 0.000  0.000  0.000 12 36
 0.000  0.000  0.000 12 37
 0.000  0.000  0.000 12 38
 0.000  0.000  0.000 12 39
 0.000  0.000  0.000 12 40
 0.000  0.000  0.000 12 41
 0.000  0.000  0.000 12 42
 0.000  0.000  0.000 12 43
 0.000  0.000  0.000 12 44
100.000 38.000 18.000 13 0
100.000 70.000 18.000 13 1
100.000 102.000 18.000 13 2
100.000 134.000 18.000 13 3
100.000 166.000 18.000 13 4
100.000 198.000 18.000 13 5
100.000 230.000 18.000 13 6
3000.000 261.424 18.426 13 7
4000.000 293.565 18.112 13 8
3000.000 325.388 17.975 13 9
4000.000 356.508 17.149 13 10
3000.000 388.465 16.867 13 11
4000.000 419.967 16.911 13 12
3000.000 450.337 16.051 13 13
4000.000 482.160 16.413 13 14
3000.000 514.059 16.040 13 15
4000.000 546.236 14.731 13 16
3000.000 578.409 15.286 13 17
4000.000 610.042 14.823 13 18
3000.000 641.605 14.292 13 19
4000.000 674.056 15.463 13 20
3000.000 705.348 14.269 13 21
4000.000 736.864 14.763 13 22
3000.000 769.534 15.195 13 23
4000.000 801.561 14.457 13 24
3000.000 832.818 14.548 13 25
4000.000 865.275 15.388 13 26
3000.000 896.551 15.398 13 27
4000.000 928.506 15.732 13 28
3000.000 960.275 16.034 13 29
4000.000 991.788 15.877 13 30
3000.000 1023.568 15.203 13 31
100.000 1056.000 15.000 13 32
100.000 1088.000 15.000 13 33
100.000 1120.000 15.000 13 34
100.000 1152.000 15.000 13 35
100.000 1184.000 15.000 13 36
100.000 1216.000 15.000 13 37
100.000 1248.000 15.000 13 38
 0.000  0.000  0.000 13 39
 0.000  0.000  0.000 13 40
 0.000  0.000  0.000 13 41
 0.000  0.000  0.000 13 42
 0.000  0.000  0.000 13 43
 0.000  0.000  0.000 13 44
100.000 39.000 50.000 14 0
100.000 71.000 50.000 14 1
100.000 103.000 50.000 14 2
100.000 135.000 50.000 14 3
100.000 167.000 50.000 14 4
4000.000 198.534 49.447 14 5
3000.000 230.643 49.628 14 6
4000.000 261.384 49.667 14 7
3000.000 291.614 49.661 14 8
4000.000 324.508 48.474 14 9
3000.000 356.129 48.700 14 10
4000.000 386.694 47.989 14 11
3000.000 419.285 47.318 14 12
4000.000 450.941 47.177 14 13
3000.000 482.163 46.466 14 14
4000.000 514.126 46.256 14 15
3000.000 545.443 46.712 14 16
4000.000 577.673 46.702 14 17
3000.000 609.823 45.590 14 18
4000.000 641.226 46.306 14 19
3000.000 673.869 46.493 14 20
4000.000 705.345 46.181 14 21
3000.000 737.077 46.034 14 22
4000.000 769.175 46.252 14 23
3000.000 801.181 46.011 14 24
4000.000 833.518 46.398 14 25
3000.000 865.681 47.043 14 26
4000.000 897.023 47.320 14 27
3000.000 929.077 46.390 14 28
4000.000 960.426 47.297 14 29
3000.000 992.358 48.125 14 30
4000.000 1024.596 47.466 14 31
3000.000 1055.303 47.299 14 32
100.000 1088.000 47.000 14 33
100.000 1120.000 47.000 14 34
100.000 1152.000 47.000 14 35
100.000 1184.000 47.000 14 36
100.000 1216.000 47.000 14 37
100.000 1248.000 47.000 14 38
 0.000  0.000  0.000 14 39
 0.000  0.000  0.000 14 40
 0.000  0.000  0.000 14 41
 0.000  0.000  0.000 14 42
 0.000  0.000  0.000 14 43
 0.000  0.000  0.000 14 44
100.000 40.000 82.000 15 0
100.000 72.000 82.000 15 1
100.000 104.000 82.000 15 2
100.000 136.000 82.000 15 3
4000.000 167.529 81.434 15 4
3000.000 199.037 82.141 15 5
4000.000 230.596 81.161 15 6
3000.000 260.878 80.880 15 7
4000.000 292.061 81.186 15 8
3000.000 323.453 80.657 15 9
4000.000 355.338 79.019 15 10
3000.000 386.706 79.336 15 11
4000.000 418.677 79.560 15 12
3000.000 450.325 78.420 15 13
4000.000 481.272 78.284 15 14
3000.000 513.571 78.179 15 15
4000.000 546.663 78.069 15 16
3000.000 577.874 77.417 15 17
4000.000 609.527 77.625 15 18
3000.000 641.290 77.385 15 19
4000.000 673.290 77.656 15 20
3000.000 704.457 77.624 15 21
4000.000 737.274 77.586 15 22
3000.000 769.297 77.695 15 23
4000.000 800.765 77.602 15 24
3000.000 832.691 78.014 15 25
4000.000 865.627 78.276 15 26
3000.000 896.408 77.874 15 27
4000.000 929.601 78.316 15 28
3000.000 960.554 78.376 15 29
4000.000 992.917 78.361 15 30
3000.000 1023.824 79.483 15 31
4000.000 1055.415 79.423 15 32
3000.000 1088.474 79.610 15 33
100.000 1120.000 79.000 15 34
100.000 1152.000 79.000 15 35
100.000 1184.000 79.000 15 36
100.000 1216.000 79.000 15 37
100.000 1248.000 79.000 15 38
 0.000  0.000  0.000 15 39
 0.000  0.000  0.000 15 40
 0.000  0.000  0.000 15 41
 0.000  0.000  0.000 15 42
 0.000  0.000  0.000 15 43
 0.000  0.000  0.000 15 44
100.000 39.000 114.000 16 0
100.000 71.000 114.000 16 1
100.000 103.000 114.000 16 2
4000.000 135.613 113.845 16 3
3000.000 166.990 113.446 16 4
4000.000 198.278 113.489 16 5
3000.000 229.984 112.906 16 6
4000.000 260.471 112.345 16 7
3000.000 291.557 111.606 16 8
4000.000 322.834 111.781 16 9
3000.000 355.483 110.518 16 10
4000.000 386.471 110.537 16 11
3000.000 418.426 110.037 16 12
4000.000 450.114 110.081 16 13
3000.000 481.369 110.221 16 14
4000.000 513.462 109.052 16 15
3000.000 545.622 109.324 16 16
4000.000 577.542 108.552 16 17
3000.000 609.142 108.811 16 18
4000.000 641.895 109.211 16 19
3000.000 673.116 108.686 16 20
4000.000 705.927 109.344 16 21
3000.000 737.128 108.727 16 22
4000.000 769.317 109.328 16 23
3000.000 801.703 109.719 16 24
4000.000 832.878 109.554 16 25
3000.000 865.344 109.351 16 26
4000.000 897.324 109.138 16 27
3000.000 928.831 110.600 16 28
4000.000 960.955 109.873 16 29
3000.000 992.826 110.543 16 30
4000.000 1024.522 110.302 16 31
3000.000 1056.050 111.385 16 32
4000.000 1087.304 110.640 16 33
3000.000 1120.671 111.275 16 34
100.000 1152.000 112.000 16 35
100.000 1184.000 112.000 16 36
100.000 1216.000 112.000 16 37
100.000 1248.000 112.000 16 38
 0.000  0.000  0.000 16 39
 0.000  0.000  0.000 16 40
 0.000  0.000  0.000 16 41
 0.000  0.000  0.000 16 42
 0.000  0.000  0.000 16 43
 0.000  0.000  0.000 16 44
100.000 40.000 145.000 17 0
100.000 72.000 145.000 17 1
4000.000 104.747 145.649 17 2
3000.000 135.320 145.567 17 3
4000.000 166.272 145.129 17 4
3000.000 198.208 144.215 17 5
4000.000 228.980 143.853 17 6
3000.000 259.417 143.388 17 7
4000.000 291.911 143.377 17 8
3000.000 322.496 143.085 17 9
4000.000 354.378 142.281 17 10
3000.000 386.334 141.942 17 11
4000.000 417.533 141.283 17 12
3000.000 450.659 141.438 17 13
4000.000 481.476 141.631 17 14
3000.000 512.613 141.644 17 15
4000.000 544.221 140.254 17 16
3000.000 577.075 141.488 17 17
4000.000 608.546 140.875 17 18
3000.000 641.304 140.489 17 19
4000.000 673.567 140.722 17 20
3000.000 705.319 141.030 17 21
4000.000 737.559 141.447 17 22
3000.000 770.348 140.462 17 23
4000.000 801.608 141.112 17 24
3000.000 833.429 140.772 17 25
4000.000 865.799 141.440 17 26
3000.000 897.477 141.821 17 27
4000.000 929.712 141.858 17 28
3000.000 961.149 140.754 17 29
4000.000 992.271 142.426 17 30
3000.000 1025.203 142.240 17 31
4000.000 1056.155 142.611 17 32
3000.000 1087.412 142.467 17 33
4000.000 1120.163 142.756 17 34
3000.000 1151.473 142.548 17 35
100.000 1183.000 143.000 17 36
100.000 1215.000 143.000 17 37
100.000 1247.000 143.000 17 38
 0.000  0.000  0.000 17 39
 0.000  0.000  0.000 17 40
 0.000  0.000  0.000 17 41
 0.000  0.000  0.000 17 42
 0.000  0.000  0.000 17 43
 0.000  0.000  0.000 17 44
100.000 40.000 177.000 18 0
100.000 72.000 177.000 18 1
3000.000 104.657 177.646 18 2
4000.000 135.333 177.501 18 3
3000.000 166.091 176.260 18 4
4000.000 196.634 176.412 18 5
3000.000 227.832 175.642 18 6
4000.000 259.404 174.969 18 7
3000.000 291.188 174.445 18 8
4000.000 322.696 174.058 18 9
3000.000 354.282 173.971 18 10
4000.000 385.923 173.481 18 11
3000.000 417.671 172.588 18 12
4000.000 449.399 173.734 18 13
3000.000 481.494 172.433 18 14
4000.000 513.275 172.415 18 15
3000.000 545.478 173.555 18 16
4000.000 577.190 172.520 18 17
3000.000 608.853 172.662 18 18
4000.000 640.704 172.666 18 19
3000.000 673.543 171.872 18 20
4000.000 705.266 172.121 18 21
3000.000 737.312 172.767 18 22
4000.000 769.288 171.925 18 23
3000.000 801.669 172.914 18 24
4000.000 833.930 172.470 18 25
3000.000 865.457 172.737 18 26
4000.000 897.412 172.801 18 27
3000.000 930.039 172.700 18 28
4000.000 961.130 173.549 18 29
3000.000 992.621 173.688 18 30
4000.000 1024.839 174.025 18 31
3000.000 1056.255 174.037 18 32
4000.000 1088.335 174.799 18 33
3000.000 1119.922 174.642 18 34
4000.000 1151.568 174.559 18 35
3000.000 1183.316 174.911 18 36
100.000 1216.000 175.000 18 37
100.000 1248.000 175.000 18 38
 0.000  0.000  0.000 18 39
 0.000  0.000  0.000 18 40
 0.000  0.000  0.000 18 41
 0.000  0.000  0.000 18 42
 0.000  0.000  0.000 18 43
 0.000  0.000  0.000 18 44
100.000 41.000 209.000 19 0
3000.000 72.390 209.170 19 1
4000.000 104.563 208.711 19 2
3000.000 135.619 207.684 19 3
4000.000 165.405 207.486 19 4
3000.000 196.469 207.704 19 5
4000.000 227.542 206.868 19 6
3000.000 258.549 206.644 19 7
4000.000 290.453 205.644 19 8
3000.000 322.296 205.599 19 9
4000.000 353.721 205.723 19 10
3000.000 385.196 205.259 19 11
4000.000 416.786 205.122 19 12
3000.000 449.085 205.324 19 13
4000.000 481.291 204.613 19 14
3000.000 513.316 204.626 19 15
4000.000 545.416 203.860 19 16
3000.000 577.120 203.158 19 17
4000.000 609.534 204.604 19 18
3000.000 640.873 204.243 19 19
4000.000 673.455 204.091 19 20
3000.000 705.451 204.663 19 21
4000.000 737.948 204.031 19 22
3000.000 769.879 204.662 19 23
4000.000 801.457 203.688 19 24
3000.000 833.391 203.706 19 25
4000.000 865.713 204.384 19 26
3000.000 897.497 204.363 19 27
4000.000 929.313 204.704 19 28
3000.000 961.789 204.935 19 29
4000.000 993.097 205.527 19 30
3000.000 1024.586 204.989 19 31
4000.000 1056.664 206.610 19 32
3000.000 1088.015 205.549 19 33
4000.000 1119.818 206.558 19 34
3000.000 1151.614 206.583 19 35
4000.000 1183.634 207.433 19 36
100.000 1216.000 207.000 19 37
100.000 1248.000 207.000 19 38
 0.000  0.000  0.000 19 39
 0.000  0.000  0.000 19 40
 0.000  0.000  0.000 19 41
 0.000  0.000  0.000 19 42
 0.000  0.000  0.000 19 43
 0.000  0.000  0.000 19 44
3000.000 41.422 240.371 20 0
4000.000 72.515 240.626 20 1
3000.000 103.910 240.315 20 2
4000.000 134.445 239.730 20 3
3000.000 164.318 239.463 20 4
4000.000 196.332 239.030 20 5
3000.000 227.942 238.126 20 6
4000.000 258.705 237.714 20 7
3000.000 290.572 238.067 20 8
4000.000 322.537 237.300 20 9
3000.000 352.739 237.403 20 10
4000.000 385.272 237.141 20 11
3000.000 416.882 236.975 20 12
4000.000 449.243 237.155 20 13
3000.000 481.422 236.312 20 14
4000.000 512.469 235.827 20 15
3000.000 544.533 236.291 20 16
4000.000 576.764 236.728 20 17
3000.000 609.493 235.491 20 18
4000.000 641.619 236.419 20 19
102.000 673.427 235.994 20 20
4000.000 706.132 235.767 20 21
3000.000 737.479 236.415 20 22
4000.000 769.497 236.360 20 23
3000.000 801.026 236.325 20 24
4000.000 833.444 236.304 20 25
3000.000 865.795 236.337 20 26
4000.000 898.138 236.712 20 27
3000.000 929.499 237.369 20 28
4000.000 962.535 236.782 20 29
3000.000 993.465 237.333 20 30
4000.000 1025.389 237.540 20 31
3000.000 1056.267 237.440 20 32
4000.000 1087.672 237.931 20 33
3000.000 1120.353 238.358 20 34
4000.000 1151.988 238.482 20 35
3000.000 1183.495 238.510 20 36
4000.000 1215.522 238.730 20 37
100.000 1248.000 239.000 20 38
 0.000  0.000  0.000 20 39
 0.000  0.000  0.000 20 40
 0.000  0.000  0.000 20 41
 0.000  0.000  0.000 20 42
 0.000  0.000  0.000 20 43
 0.000  0.000  0.000 20 44
4000.000 41.487 272.830 21 0
3000.000 73.580 271.715 21 1
4000.000 104.523 271.332 21 2
3000.000 133.736 271.188 21 3
4000.000 165.213 270.906 21 4
3000.000 196.419 271.303 21 5
4000.000 227.463 270.484 21 6
3000.000 258.543 269.467 21 7
4000.000 290.519 269.834 21 8
3000.000 320.819 269.274 21 9
4000.000 353.542 269.719 21 10
3000.000 385.107 268.530 21 11
4000.000 416.464 268.314 21 12
3000.000 449.454 268.261 21 13
4000.000 480.635 268.673 21 14
3000.000 512.735 268.561 21 15
4000.000 544.787 268.722 21 16
3000.000 576.643 268.335 21 17
4000.000 608.798 267.254 21 18
3000.000 641.892 267.743 21 19
4000.000 673.457 268.462 21 20
3000.000 705.779 268.293 21 21
4000.000 737.885 267.647 21 22
3000.000 769.461 267.477 21 23
4000.000 801.869 267.862 21 24
3000.000 833.632 267.666 21 25
4000.000 866.278 267.896 21 26
3000.000 897.417 267.947 21 27
4000.000 929.976 268.365 21 28
3000.000 962.425 268.277 21 29
4000.000 993.767 268.285 21 30
3000.000 1025.357 269.316 21 31
4000.000 1057.107 269.183 21 32
3000.000 1089.045 269.461 21 33
4000.000 1120.673 269.641 21 34
3000.000 1152.340 269.913 21 35
4000.000 1183.927 270.378 21 36
3000.000 1215.547 269.582 21 37
100.000 1247.000 270.000 21 38
 0.000  0.000  0.000 21 39
 0.000  0.000  0.000 21 40
 0.000  0.000  0.000 21 41
 0.000  0.000  0.000 21 42
 0.000  0.000  0.000 21 43
 0.000  0.000  0.000 21 44
3000.000 40.602 304.562 22 0
4000.000 71.800 303.921 22 1
3000.000 103.775 303.015 22 2
4000.000 133.740 303.067 22 3
3000.000 163.326 302.320 22 4
4000.000 195.601 302.431 22 5
3000.000 226.849 301.433 22 6
4000.000 257.981 301.619 22 7
3000.000 289.756 300.624 22 8
4000.000 321.298 301.048 22 9
3000.000 353.068 300.974 22 10
4000.000 384.664 300.616 22 11
3000.000 416.540 300.525 22 12
4000.000 448.597 300.375 22 13
3000.000 481.811 300.486 22 14
4000.000 512.631 300.564 22 15
3000.000 545.024 299.968 22 16
4000.000 576.744 300.103 22 17
104.000 608.548 300.135 22 18
104.000 641.155 299.963 22 19
104.000 673.102 300.617 22 20
104.000 705.469 299.475 22 21
3000.000 737.619 299.071 22 22
4000.000 769.703 299.947 22 23
3000.000 802.263 300.717 22 24
4000.000 834.097 300.144 22 25
3000.000 866.423 300.184 22 26
4000.000 897.388 300.608 22 27
3000.000 929.726 300.419 22 28
4000.000 962.257 300.138 22 29
3000.000 993.830 300.458 22 30
4000.000 1025.574 300.838 22 31
3000.000 1056.983 301.334 22 32
4000.000 1089.263 301.706 22 33
3000.000 1120.690 301.668 22 34
4000.000 1152.114 301.520 22 35
3000.000 1183.368 302.039 22 36
4000.000 1215.361 301.805 22 37
3000.000 1247.724 302.013 22 38
 0.000  0.000  0.000 22 39
 0.000  0.000  0.000 22 40
 0.000  0.000  0.000 22 41
 0.000  0.000  0.000 22 42
 0.000  0.000  0.000 22 43
 0.000  0.000  0.000 22 44
4000.000 40.593 335.580 23 0
3000.000 72.260 335.129 23 1
4000.000 101.675 334.444 23 2
3000.000 133.633 335.230 23 3
4000.000 164.342 334.612 23 4
3000.000 194.657 333.727 23 5
4000.000 226.395 333.741 23 6
3000.000 256.803 333.516 23 7
4000.000 290.397 333.339 23 8
3000.000 321.387 333.676 23 9
4000.000 353.296 332.566 23 10
3000.000 384.446 332.708 23 11
4000.000 416.602 332.661 23 12
3000.000 448.496 332.785 23 13
4000.000 480.923 332.488 23 14
3000.000 512.697 331.813 23 15
4000.000 544.688 332.632 23 16
3000.000 577.019 331.883 23 17
104.000 609.003 331.531 23 18
104.000 641.806 332.284 23 19
104.000 673.459 332.469 23 20
104.000 704.986 331.910 23 21
4000.000 738.418 331.561 23 22
3000.000 769.547 331.308 23 23
4000.000 801.486 332.286 23 24
3000.000 834.274 332.458 23 25
4000.000 866.579 331.592 23 26
3000.000 898.263 332.309 23 27
4000.000 930.054 332.275 23 28
3000.000 963.262 332.802 23 29
4000.000 993.885 332.804 23 30
3000.000 1026.003 332.715 23 31
4000.000 1057.810 332.341 23 32
3000.000 1089.417 333.455 23 33
4000.000 1121.073 332.852 23 34
3000.000 1152.299 333.531 23 35
4000.000 1184.075 333.813 23 36
3000.000 1215.845 334.575 23 37
4000.000 1247.673 334.959 23 38
 0.000  0.000  0.000 23 39
 0.000  0.000  0.000 23 40
 0.000  0.000  0.000 23 41
 0.000  0.000  0.000 23 42
 0.000  0.000  0.000 23 43
 0.000  0.000  0.000 23 44
3000.000 41.682 367.053 24 0
4000.000 71.440 366.720 24 1
3000.000 101.249 366.527 24 2
4000.000 132.289 366.444 24 3
3000.000 164.656 365.480 24 4
4000.000 194.457 365.949 24 5
3000.000 226.586 365.350 24 6
4000.000 258.484 364.362 24 7
3000.000 289.320 364.271 24 8
4000.000 322.242 365.464 24 9
3000.000 353.430 364.615 24 10
4000.000 384.468 364.337 24 11
3000.000 417.119 364.191 24 12
4000.000 448.664 364.707 24 13
3000.000 480.510 364.309 24 14
4000.000 511.884 364.609 24 15
3000.000 543.547 364.437 24 16
4000.000 576.750 364.448 24 17
104.000 609.165 364.406 24 18
104.000 641.876 363.996 24 19
104.000 673.680 363.848 24 20
104.000 705.391 364.477 24 21
3000.000 737.604 364.118 24 22
4000.000 769.848 363.872 24 23
3000.000 802.050 364.727 24 24
4000.000 834.557 364.538 24 25
3000.000 866.289 364.166 24 26
4000.000 898.714 364.204 24 27
3000.000 930.322 364.564 24 28
4000.000 962.317 364.690 24 29
3000.000 994.107 364.589 24 30
4000.000 1026.481 363.491 24 31
3000.000 1057.849 364.732 24 32
4000.000 1089.348 365.483 24 33
3000.000 1120.487 364.907 24 34
4000.000 1151.965 365.514 24 35
3000.000 1184.617 365.047 24 36
4000.000 1215.399 366.216 24 37
3000.000 1247.541 365.895 24 38
 0.000  0.000  0.000 24 39
 0.000  0.000  0.000 24 40
 0.000  0.000  0.000 24 41
 0.000  0.000  0.000 24 42
 0.000  0.000  0.000 24 43
 0.000  0.000  0.000 24 44
4000.000 40.735 398.918 25 0
3000.000 70.748 398.382 25 1
4000.000 101.864 397.813 25 2
3000.000 132.413 398.035 25 3
4000.000 163.644 397.646 25 4
3000.000 194.736 397.485 25 5
4000.000 225.604 397.170 25 6
3000.000 258.622 396.814 25 7
4000.000 289.910 396.541 25 8
3000.000 320.360 397.747 25 9
4000.000 352.500 396.972 25 10
3000.000 384.547 397.547 25 11
4000.000 416.514 396.680 25 12
3000.000 448.572 396.741 25 13
4000.000 480.726 396.803 25 14
3000.000 513.076 396.910 25 15
4000.000 544.328 396.282 25 16
3000.000 575.836 396.454 25 17
104.000 609.554 395.533 25 18
104.000 641.638 396.075 25 19
104.000 672.845 395.699 25 20
104.000 705.562 396.588 25 21
4000.000 738.143 396.520 25 22
3000.000 769.617 396.273 25 23
4000.000 802.259 396.149 25 24
3000.000 834.171 396.418 25 25
4000.000 866.277 396.653 25 26
3000.000 898.486 396.877 25 27
4000.000 930.292 396.423 25 28
3000.000 962.468 395.965 25 29
4000.000 994.206 396.649 25 30
3000.000 1026.549 397.238 25 31
4000.000 1058.281 397.514 25 32
3000.000 1089.860 397.010 25 33
4000.000 1121.701 397.385 25 34
3000.000 1153.298 397.504 25 35
4000.000 1184.097 396.797 25 36
3000.000 1215.770 397.663 25 37
4000.000 1248.543 398.405 25 38
 0.000  0.000  0.000 25 39
 0.000  0.000  0.000 25 40
 0.000  0.000  0.000 25 41
 0.000  0.000  0.000 25 42
 0.000  0.000  0.000 25 43
 0.000  0.000  0.000 25 44
3000.000 40.105 430.538 26 0
4000.000 70.497 429.460 26 1
3000.000 101.725 429.200 26 2
4000.000 131.857 429.511 26 3
3000.000 163.638 429.953 26 4
4000.000 195.200 429.421 26 5
3000.000 226.188 429.295 26 6
4000.000 258.601 429.220 26 7
3000.000 289.416 428.219 26 8
4000.000 321.167 428.664 26 9
3000.000 352.538 428.790 26 10
4000.000 384.583 428.219 26 11
3000.000 416.345 428.752 26 12
4000.000 448.440 429.313 26 13
3000.000 480.525 428.340 26 14
4000.000 512.545 427.920 26 15
3000.000 544.374 427.459 26 16
4000.000 576.538 427.961 26 17
3000.000 609.202 428.294 26 18
4000.000 641.331 428.622 26 19
3000.000 672.871 428.522 26 20
4000.000 705.103 428.509 26 21
3000.000 737.900 427.748 26 22
4000.000 770.416 427.587 26 23
3000.000 801.981 428.654 26 24
4000.000 834.000 428.893 26 25
3000.000 865.959 428.308 26 26
4000.000 898.350 428.815 26 27
3000.000 930.498 428.157 26 28
4000.000 961.925 428.361 26 29
3000.000 994.739 428.317 26 30
4000.000 1026.210 428.394 26 31
3000.000 1058.432 428.946 26 32
4000.000 1089.519 429.574 26 33
3000.000 1121.479 428.745 26 34
4000.000 1152.957 429.403 26 35
3000.000 1184.639 429.313 26 36
4000.000 1216.180 429.733 26 37
3000.000 1247.729 429.726 26 38
 0.000  0.000  0.000 26 39
 0.000  0.000  0.000 26 40
 0.000  0.000  0.000 26 41
 0.000  0.000  0.000 26 42
 0.000  0.000  0.000 26 43
 0.000  0.000  0.000 26 44
4000.000 39.637 462.059 27 0
3000.000 70.590 461.480 27 1
4000.000 101.510 461.997 27 2
3000.000 131.426 461.597 27 3
4000.000 163.507 461.324 27 4
3000.000 194.641 460.808 27 5
4000.000 226.494 460.843 27 6
3000.000 256.924 461.064 27 7
4000.000 289.502 460.765 27 8
3000.000 320.782 460.438 27 9
4000.000 352.719 460.573 27 10
3000.000 384.419 460.610 27 11
4000.000 416.389 461.391 27 12
3000.000 448.573 460.923 27 13
4000.000 480.640 460.283 27 14
3000.000 512.387 460.266 27 15
4000.000 544.435 460.685 27 16
3000.000 577.311 460.367 27 17
4000.000 608.500 460.306 27 18
3000.000 640.851 460.445 27 19
4000.000 673.642 460.345 27 20
3000.000 705.786 460.962 27 21
4000.000 737.612 460.331 27 22
3000.000 770.009 460.670 27 23
4000.000 801.398 460.253 27 24
3000.000 834.000 460.566 27 25
4000.000 865.482 461.008 27 26
3000.000 898.540 460.419 27 27
4000.000 930.699 460.307 27 28
3000.000 962.172 460.571 27 29
4000.000 994.319 460.894 27 30
3000.000 1026.546 460.299 27 31
4000.000 1058.437 460.912 27 32
3000.000 1089.306 461.487 27 33
4000.000 1121.377 460.678 27 34
3000.000 1152.477 460.490 27 35
4000.000 1184.358 461.530 27 36
3000.000 1216.152 461.447 27 37
4000.000 1247.130 461.133 27 38
 0.000  0.000  0.000 27 39
 0.000  0.000  0.000 27 40
 0.000  0.000  0.000 27 41
 0.000  0.000  0.000 27 42
 0.000  0.000  0.000 27 43
 0.000  0.000  0.000 27 44
3000.000 40.712 493.258 28 0
4000.000 70.513 493.366 28 1
3000.000 101.335 493.378 28 2
4000.000 131.792 493.876 28 3
3000.000 163.171 493.310 28 4
4000.000 195.113 493.735 28 5
3000.000 226.325 492.393 28 6
4000.000 258.395 493.338 28 7
3000.000 287.862 492.740 28 8
4000.000 320.616 492.392 28 9
3000.000 352.325 493.036 28 10
4000.000 384.120 492.544 28 11
3000.000 416.198 492.814 28 12
4000.000 448.282 493.069 28 13
3000.000 480.710 492.566 28 14
4000.000 512.616 492.647 28 15
3000.000 544.652 492.306 28 16
4000.000 577.437 492.896 28 17
3000.000 609.233 492.871 28 18
4000.000 641.629 493.043 28 19
3000.000 673.493 493.188 28 20
4000.000 705.344 493.074 28 21
3000.000 737.861 493.546 28 22
4000.000 769.682 493.608 28 23
3000.000 801.628 492.414 28 24
4000.000 834.656 493.451 28 25
3000.000 866.675 492.370 28 26
4000.000 898.462 492.660 28 27
3000.000 930.285 492.695 28 28
4000.000 962.550 492.754 28 29
3000.000 993.902 492.622 28 30
4000.000 1026.560 492.488 28 31
3000.000 1057.853 492.496 28 32
4000.000 1089.951 492.453 28 33
3000.000 1121.702 492.796 28 34
4000.000 1153.338 493.162 28 35
3000.000 1184.542 493.538 28 36
4000.000 1216.198 493.904 28 37
3000.000 1246.991 493.789 28 38
 0.000  0.000  0.000 28 39
 0.000  0.000  0.000 28 40
 0.000  0.000  0.000 28 41
 0.000  0.000  0.000 28 42
 0.000  0.000  0.000 28 43
 0.000  0.000  0.000 28 44
4000.000 40.040 524.433 29 0
3000.000 70.326 525.619 29 1
4000.000 101.321 524.908 29 2
3000.000 131.437 524.902 29 3
4000.000 163.404 525.551 29 4
3000.000 194.678 525.451 29 5
4000.000 225.297 524.985 29 6
3000.000 257.428 525.647 29 7
4000.000 288.733 524.879 29 8
3000.000 320.386 524.874 29 9
4000.000 352.621 525.050 29 10
3000.000 384.326 524.699 29 11
4000.000 416.340 525.083 29 12
3000.000 448.644 524.900 29 13
4000.000 480.001 525.543 29 14
3000.000 512.633 524.327 29 15
4000.000 544.719 524.685 29 16
3000.000 576.723 524.689 29 17
4000.000 609.646 525.091 29 18
3000.000 641.023 524.820 29 19
100.000 674.000 525.000 29 20
3000.000 706.070 525.586 29 21
4000.000 738.724 524.829 29 22
3000.000 770.365 524.838 29 23
4000.000 802.124 524.794 29 24
3000.000 834.265 524.555 29 25
4000.000 867.737 524.974 29 26
3000.000 898.779 525.021 29 27
4000.000 931.180 524.714 29 28
3000.000 962.558 524.892 29 29
4000.000 994.068 524.332 29 30
3000.000 1025.675 525.422 29 31
4000.000 1058.130 524.822 29 32
3000.000 1089.999 524.684 29 33
4000.000 1122.339 525.298 29 34
3000.000 1152.761 524.913 29 35
4000.000 1184.006 525.150 29 36
3000.000 1216.134 525.574 29 37
4000.000 1246.931 525.016 29 38
 0.000  0.000  0.000 29 39
 0.000  0.000  0.000 29 40
 0.000  0.000  0.000 29 41
 0.000  0.000  0.000 29 42
 0.000  0.000  0.000 29 43
 0.000  0.000  0.000 29 44
3000.000 39.242 557.515 30 0
4000.000 70.843 557.384 30 1
3000.000 101.274 557.312 30 2
4000.000 131.513 557.114 30 3
3000.000 163.468 557.250 30 4
4000.000 193.230 556.472 30 5
3000.000 225.856 557.443 30 6
4000.000 257.725 557.111 30 7
3000.000 288.779 557.560 30 8
4000.000 320.665 556.806 30 9
3000.000 352.388 556.974 30 10
4000.000 384.119 557.001 30 11
3000.000 416.486 557.065 30 12
4000.000 448.137 557.316 30 13
3000.000 480.330 557.545 30 14
4000.000 512.161 557.597 30 15
3000.000 544.539 557.723 30 16
4000.000 576.607 556.845 30 17
3000.000 609.375 557.296 30 18
4000.000 640.939 557.131 30 19
3000.000 673.674 556.367 30 20
4000.000 705.357 557.374 30 21
3000.000 737.362 557.467 30 22
4000.000 769.456 557.293 30 23
3000.000 802.640 556.550 30 24
4000.000 833.539 557.615 30 25
3000.000 866.047 557.207 30 26
4000.000 898.494 556.432 30 27
3000.000 930.507 556.720 30 28
4000.000 962.394 557.192 30 29
3000.000 994.455 557.735 30 30
4000.000 1026.325 556.789 30 31
3000.000 1057.970 557.133 30 32
4000.000 1089.288 556.514 30 33
3000.000 1121.816 557.679 30 34
4000.000 1153.103 557.252 30 35
3000.000 1184.507 557.199 30 36
4000.000 1216.132 557.349 30 37
3000.000 1246.639 556.669 30 38
 0.000  0.000  0.000 30 39
 0.000  0.000  0.000 30 40
 0.000  0.000  0.000 30 41
 0.000  0.000  0.000 30 42
 0.000  0.000  0.000 30 43
 0.000  0.000  0.000 30 44
4000.000 39.596 588.273 31 0
3000.000 70.380 588.350 31 1
4000.000 100.812 588.336 31 2
3000.000 132.110 589.144 31 3
4000.000 162.823 588.794 31 4
3000.000 194.366 588.810 31 5
4000.000 226.124 588.827 31 6
3000.000 258.338 588.682 31 7
4000.000 288.463 589.455 31 8
3000.000 320.667 589.270 31 9
4000.000 352.304 588.961 31 10
3000.000 385.251 589.073 31 11
4000.000 415.720 589.608 31 12
3000.000 448.352 589.759 31 13
4000.000 480.651 588.782 31 14
3000.000 512.250 588.724 31 15
4000.000 545.219 588.699 31 16
3000.000 576.776 589.530 31 17
4000.000 609.562 590.259 31 18
3000.000 641.466 589.723 31 19
4000.000 673.678 589.541 31 20
3000.000 705.562 589.465 31 21
4000.000 737.520 588.391 31 22
3000.000 770.213 589.600 31 23
4000.000 802.158 588.815 31 24
3000.000 834.625 589.449 31 25
4000.000 865.395 589.552 31 26
3000.000 898.320 589.446 31 27
4000.000 930.706 589.351 31 28
3000.000 963.435 589.132 31 29
4000.000 994.142 589.633 31 30
3000.000 1026.583 589.161 31 31
4000.000 1057.744 588.590 31 32
3000.000 1090.406 588.985 31 33
4000.000 1122.507 588.733 31 34
3000.000 1153.503 588.532 31 35
4000.000 1184.650 589.603 31 36
3000.000 1216.675 588.980 31 37
4000.000 1247.495 589.074 31 38
 0.000  0.000  0.000 31 39
 0.000  0.000  0.000 31 40
 0.000  0.000  0.000 31 41
 0.000  0.000  0.000 31 42
 0.000  0.000  0.000 31 43
 0.000  0.000  0.000 31 44
3000.000 39.590 621.161 32 0
4000.000 70.464 621.000 32 1
3000.000 101.313 621.028 32 2
4000.000 132.244 620.904 32 3
3000.000 163.357 620.759 32 4
4000.000 194.316 620.558 32 5
3000.000 226.752 620.477 32 6
4000.000 257.321 621.355 32 7
3000.000 289.221 621.489 32 8
4000.000 320.329 620.685 32 9
100.000 353.000 621.000 32 10
4000.000 384.486 621.087 32 11
3000.000 416.122 620.922 32 12
4000.000 448.405 621.420 32 13
3000.000 480.174 621.991 32 14
4000.000 512.050 621.636 32 15
3000.000 544.283 620.772 32 16
4000.000 577.132 620.902 32 17
3000.000 609.661 621.881 32 18
4000.000 640.454 620.952 32 19
3000.000 673.038 621.492 32 20
4000.000 706.047 620.655 32 21
3000.000 737.547 621.835 32 22
4000.000 770.154 621.515 32 23
3000.000 801.884 620.688 32 24
4000.000 833.505 621.431 32 25
3000.000 866.764 621.605 32 26
4000.000 898.964 621.472 32 27
3000.000 931.295 621.539 32 28
4000.000 963.016 621.300 32 29
3000.000 993.724 621.358 32 30
4000.000 1026.297 621.316 32 31
3000.000 1058.609 621.112 32 32
4000.000 1090.074 620.827 32 33
3000.000 1121.161 621.610 32 34
4000.000 1152.617 621.097 32 35
3000.000 1184.600 621.160 32 36
4000.000 1216.308 621.061 32 37
3000.000 1246.329 620.589 32 38
 0.000  0.000  0.000 32 39
 0.000  0.000  0.000 32 40
 0.000  0.000  0.000 32 41
 0.000  0.000  0.000 32 42
 0.000  0.000  0.000 32 43
 0.000  0.000  0.000 32 44
4000.000 39.912 651.543 33 0
3000.000 71.191 652.579 33 1
4000.000 101.678 652.318 33 2
3000.000 132.294 652.386 33 3
4000.000 163.312 652.636 33 4
3000.000 194.572 652.460 33 5
4000.000 226.343 652.901 33 6
3000.000 257.319 653.370 33 7
4000.000 288.684 653.573 33 8
3000.000 320.606 653.099 33 9
4000.000 352.240 652.727 33 10
3000.000 384.507 653.632 33 11
4000.000 416.509 653.439 33 12
3000.000 449.251 653.268 33 13
4000.000 480.685 653.048 33 14
3000.000 512.445 653.696 33 15
4000.000 544.670 653.585 33 16
3000.000 576.863 654.208 33 17
4000.000 608.474 654.636 33 18
3000.000 641.828 654.006 33 19
4000.000 674.217 653.614 33 20
3000.000 704.746 653.878 33 21
4000.000 737.789 654.651 33 22
3000.000 769.366 653.661 33 23
4000.000 801.305 653.479 33 24
3000.000 833.644 653.760 33 25
4000.000 866.512 653.713 33 26
3000.000 898.888 653.757 33 27
4000.000 930.388 653.445 33 28
3000.000 962.735 653.355 33 29
4000.000 994.237 653.116 33 30
3000.000 1026.571 652.491 33 31
4000.000 1058.687 652.393 33 32
3000.000 1090.567 653.483 33 33
4000.000 1121.729 653.783 33 34
3000.000 1153.234 652.680 33 35
4000.000 1184.396 652.367 33 36
3000.000 1215.758 652.713 33 37
4000.000 1246.589 651.771 33 38
 0.000  0.000  0.000 33 39
 0.000  0.000  0.000 33 40
 0.000  0.000  0.000 33 41
 0.000  0.000  0.000 33 42
 0.000  0.000  0.000 33 43
 0.000  0.000  0.000 33 44
3000.000 40.393 683.359 34 0
4000.000 71.121 683.967 34 1
3000.000 101.560 684.223 34 2
4000.000 132.612 684.246 34 3
3000.000 163.619 684.794 34 4
4000.000 194.775 684.567 34 5
3000.000 226.871 685.040 34 6
4000.000 257.745 685.306 34 7
3000.000 289.321 685.286 34 8
4000.000 321.685 684.305 34 9
3000.000 352.544 685.215 34 10
4000.000 384.454 685.392 34 11
3000.000 416.652 685.234 34 12
4000.000 448.142 686.484 34 13
3000.000 480.740 685.549 34 14
4000.000 512.141 685.583 34 15
3000.000 544.496 686.141 34 16
4000.000 577.058 686.364 34 17
3000.000 609.335 685.968 34 18
4000.000 641.900 685.956 34 19
3000.000 673.424 685.745 34 20
4000.000 705.726 685.709 34 21
3000.000 737.338 686.714 34 22
4000.000 770.124 686.517 34 23
3000.000 802.117 685.754 34 24
4000.000 834.045 685.931 34 25
3000.000 865.727 685.383 34 26
4000.000 898.563 685.739 34 27
3000.000 930.338 685.342 34 28
4000.000 962.671 685.697 34 29
3000.000 994.608 686.371 34 30
4000.000 1026.501 685.041 34 31
3000.000 1057.340 685.109 34 32
4000.000 1090.557 685.445 34 33
3000.000 1121.250 684.720 34 34
4000.000 1153.189 684.471 34 35
3000.000 1184.362 684.336 34 36
4000.000 1215.314 684.453 34 37
3000.000 1246.561 684.645 34 38
 0.000  0.000  0.000 34 39
 0.000  0.000  0.000 34 40
 0.000  0.000  0.000 34 41
 0.000  0.000  0.000 34 42
 0.000  0.000  0.000 34 43
 0.000  0.000  0.000 34 44
4000.000 40.503 714.622 35 0
3000.000 71.391 715.418 35 1
4000.000 101.694 715.355 35 2
3000.000 132.742 716.357 35 3
4000.000 163.487 716.759 35 4
3000.000 194.286 716.380 35 5
4000.000 226.131 716.814 35 6
3000.000 257.834 717.103 35 7
4000.000 289.814 717.517 35 8
3000.000 321.742 717.170 35 9
4000.000 352.587 717.161 35 10
3000.000 384.464 717.285 35 11
4000.000 416.367 717.493 35 12
3000.000 447.933 717.460 35 13
4000.000 480.451 717.466 35 14
3000.000 512.688 717.541 35 15
4000.000 544.560 717.848 35 16
3000.000 576.537 717.432 35 17
4000.000 609.161 717.510 35 18
3000.000 641.398 718.154 35 19
4000.000 673.357 718.657 35 20
3000.000 705.503 718.166 35 21
4000.000 737.687 717.473 35 22
3000.000 768.971 717.640 35 23
4000.000 802.480 718.559 35 24
3000.000 834.456 718.440 35 25
4000.000 866.181 717.349 35 26
3000.000 898.610 718.454 35 27
4000.000 929.474 718.039 35 28
3000.000 962.076 718.210 35 29
4000.000 994.284 717.600 35 30
3000.000 1025.433 716.696 35 31
4000.000 1057.957 717.600 35 32
3000.000 1090.680 716.704 35 33
4000.000 1120.485 717.135 35 34
3000.000 1152.765 716.359 35 35
4000.000 1184.354 716.890 35 36
3000.000 1215.392 716.430 35 37
4000.000 1247.326 716.251 35 38
 0.000  0.000  0.000 35 39
 0.000  0.000  0.000 35 40
 0.000  0.000  0.000 35 41
 0.000  0.000  0.000 35 42
 0.000  0.000  0.000 35 43
 0.000  0.000  0.000 35 44
3000.000 41.337 747.157 36 0
4000.000 71.217 747.715 36 1
3000.000 102.409 747.547 36 2
4000.000 133.416 748.006 36 3
3000.000 163.812 748.343 36 4
4000.000 194.895 748.475 36 5
3000.000 226.281 749.166 36 6
4000.000 258.188 748.715 36 7
3000.000 289.716 749.644 36 8
4000.000 321.142 749.730 36 9
3000.000 353.410 749.368 36 10
4000.000 384.351 748.647 36 11
3000.000 416.565 749.140 36 12
4000.000 448.655 749.620 36 13
3000.000 480.661 749.377 36 14
4000.000 512.409 749.569 36 15
3000.000 545.099 749.449 36 16
4000.000 576.718 749.706 36 17
3000.000 609.158 749.234 36 18
4000.000 641.882 750.372 36 19
3000.000 673.726 750.326 36 20
4000.000 705.439 750.189 36 21
3000.000 737.922 749.572 36 22
4000.000 769.771 749.521 36 23
3000.000 801.315 750.117 36 24
4000.000 833.328 750.300 36 25
3000.000 866.604 749.944 36 26
4000.000 897.978 749.829 36 27
3000.000 930.042 749.380 36 28
4000.000 962.314 750.006 36 29
3000.000 993.814 749.705 36 30
4000.000 1025.451 749.371 36 31
3000.000 1057.745 749.467 36 32
4000.000 1089.588 748.569 36 33
3000.000 1120.187 748.498 36 34
4000.000 1152.685 749.033 36 35
3000.000 1183.566 748.420 36 36
4000.000 1215.727 748.688 36 37
3000.000 1246.977 748.530 36 38
 0.000  0.000  0.000 36 39
 0.000  0.000  0.000 36 40
 0.000  0.000  0.000 36 41
 0.000  0.000  0.000 36 42
 0.000  0.000  0.000 36 43
 0.000  0.000  0.000 36 44
4000.000 40.924 778.531 37 0
3000.000 71.333 779.266 37 1
4000.000 102.380 779.393 37 2
3000.000 133.586 779.522 37 3
4000.000 164.569 779.108 37 4
3000.000 195.086 780.680 37 5
4000.000 226.861 780.481 37 6
3000.000 258.024 780.504 37 7
4000.000 289.579 781.415 37 8
3000.000 321.382 780.856 37 9
4000.000 353.291 781.155 37 10
3000.000 384.771 781.554 37 11
4000.000 416.830 781.727 37 12
3000.000 448.428 782.394 37 13
4000.000 481.214 782.410 37 14
3000.000 512.452 781.357 37 15
4000.000 544.281 781.886 37 16
3000.000 577.071 782.500 37 17
4000.000 608.569 782.545 37 18
3000.000 641.590 781.634 37 19
4000.000 672.979 781.652 37 20
3000.000 705.648 782.460 37 21
4000.000 737.501 782.422 37 22
3000.000 769.621 781.831 37 23
4000.000 802.316 782.501 37 24
3000.000 835.268 781.833 37 25
4000.000 866.694 781.505 37 26
3000.000 898.502 782.615 37 27
4000.000 929.725 781.348 37 28
3000.000 962.414 780.347 37 29
4000.000 994.665 780.761 37 30
3000.000 1025.413 780.871 37 31
4000.000 1057.417 781.260 37 32
3000.000 1089.744 780.557 37 33
4000.000 1120.440 779.869 37 34
3000.000 1151.944 780.450 37 35
4000.000 1183.888 780.617 37 36
3000.000 1214.683 780.622 37 37
4000.000 1246.576 779.786 37 38
 0.000  0.000  0.000 37 39
 0.000  0.000  0.000 37 40
 0.000  0.000  0.000 37 41
 0.000  0.000  0.000 37 42
 0.000  0.000  0.000 37 43
 0.000  0.000  0.000 37 44
3000.000 41.616 808.923 38 0
4000.000 72.532 810.295 38 1
3000.000 103.557 810.365 38 2
4000.000 133.106 810.576 38 3
3000.000 164.965 811.367 38 4
4000.000 195.579 812.744 38 5
3000.000 227.674 811.627 38 6
4000.000 259.133 812.295 38 7
3000.000 289.976 812.272 38 8
4000.000 321.810 812.387 38 9
3000.000 352.671 812.819 38 10
4000.000 384.902 813.510 38 11
3000.000 416.707 813.715 38 12
4000.000 448.928 813.497 38 13
3000.000 480.805 814.277 38 14
4000.000 512.467 813.277 38 15
3000.000 544.986 813.400 38 16
4000.000 577.038 813.757 38 17
3000.000 609.300 813.740 38 18
4000.000 640.932 813.738 38 19
3000.000 673.157 814.377 38 20
4000.000 705.262 814.523 38 21
3000.000 737.539 813.965 38 22
4000.000 769.356 813.464 38 23
3000.000 801.581 813.604 38 24
4000.000 834.363 814.409 38 25
3000.000 866.304 813.624 38 26
4000.000 898.521 814.375 38 27
3000.000 930.119 813.296 38 28
4000.000 961.861 813.521 38 29
3000.000 993.869 813.511 38 30
4000.000 1026.244 813.651 38 31
3000.000 1057.925 813.072 38 32
4000.000 1089.149 812.639 38 33
3000.000 1120.936 813.643 38 34
4000.000 1151.629 812.608 38 35
3000.000 1183.480 811.717 38 36
4000.000 1215.031 811.756 38 37
100.000 1247.000 812.000 38 38
 0.000  0.000  0.000 38 39
 0.000  0.000  0.000 38 40
 0.000  0.000  0.000 38 41
 0.000  0.000  0.000 38 42
 0.000  0.000  0.000 38 43
 0.000  0.000  0.000 38 44
4000.000 41.538 841.158 39 0
3000.000 72.566 841.462 39 1
4000.000 103.740 842.584 39 2
3000.000 134.354 843.080 39 3
4000.000 164.718 843.281 39 4
3000.000 196.382 842.642 39 5
4000.000 227.523 843.315 39 6
3000.000 259.179 843.979 39 7
4000.000 290.635 844.353 39 8
3000.000 322.229 844.997 39 9
4000.000 353.383 844.761 39 10
3000.000 385.289 845.008 39 11
4000.000 417.288 845.403 39 12
3000.000 448.201 846.128 39 13
4000.000 480.502 845.791 39 14
3000.000 512.829 846.003 39 15
4000.000 545.176 846.260 39 16
3000.000 577.077 846.487 39 17
4000.000 609.034 846.229 39 18
3000.000 641.747 845.801 39 19
4000.000 673.557 846.013 39 20
3000.000 705.608 846.496 39 21
4000.000 737.583 846.048 39 22
3000.000 770.077 845.763 39 23
4000.000 801.720 845.567 39 24
3000.000 833.794 846.164 39 25
4000.000 865.957 846.323 39 26
3000.000 898.352 845.276 39 27
4000.000 930.187 845.498 39 28
3000.000 961.524 845.567 39 29
4000.000 993.224 845.612 39 30
3000.000 1025.410 843.898 39 31
4000.000 1057.579 844.789 39 32
3000.000 1088.996 844.641 39 33
4000.000 1120.612 844.611 39 34
3000.000 1150.404 844.983 39 35
4000.000 1183.032 843.321 39 36
3000.000 1214.534 843.628 39 37
100.000 1247.000 844.000 39 38
 0.000  0.000  0.000 39 39
 0.000  0.000  0.000 39 40
 0.000  0.000  0.000 39 41
 0.000  0.000  0.000 39 42
 0.000  0.000  0.000 39 43
 0.000  0.000  0.000 39 44
3000.000 41.399 873.399 40 0
4000.000 73.638 873.668 40 1
3000.000 103.799 873.268 40 2
4000.000 134.560 873.990 40 3
3000.000 164.858 874.589 40 4
4000.000 196.539 875.278 40 5
3000.000 227.577 875.337 40 6
4000.000 258.554 875.578 40 7
3000.000 290.303 876.584 40 8
4000.000 322.423 876.868 40 9
3000.000 353.631 877.063 40 10
4000.000 386.093 876.453 40 11
3000.000 417.042 876.702 40 12
4000.000 449.395 877.590 40 13
3000.000 480.873 877.327 40 14
4000.000 513.187 877.605 40 15
3000.000 544.689 877.643 40 16
4000.000 576.287 878.023 40 17
3000.000 608.779 877.783 40 18
4000.000 641.473 877.782 40 19
3000.000 673.494 877.788 40 20
4000.000 705.406 877.790 40 21
3000.000 737.406 877.383 40 22
4000.000 769.709 877.453 40 23
3000.000 801.290 878.638 40 24
4000.000 833.497 878.162 40 25
3000.000 865.678 877.498 40 26
4000.000 897.312 877.162 40 27
3000.000 929.461 877.383 40 28
4000.000 961.769 877.253 40 29
3000.000 993.746 877.370 40 30
4000.000 1024.999 877.618 40 31
3000.000 1056.916 876.980 40 32
4000.000 1088.554 875.453 40 33
3000.000 1120.650 876.502 40 34
4000.000 1151.843 875.572 40 35
3000.000 1182.926 875.321 40 36
4000.000 1215.213 875.450 40 37
100.000 1247.000 876.000 40 38
 0.000  0.000  0.000 40 39
 0.000  0.000  0.000 40 40
 0.000  0.000  0.000 40 41
 0.000  0.000  0.000 40 42
 0.000  0.000  0.000 40 43
 0.000  0.000  0.000 40 44
100.000 41.000 905.000 41 0
3000.000 73.523 904.474 41 1
4000.000 104.043 905.462 41 2
3000.000 135.560 905.325 41 3
4000.000 165.580 906.264 41 4
3000.000 196.865 905.409 41 5
4000.000 228.377 906.922 41 6
3000.000 260.022 906.608 41 7
4000.000 291.395 908.144 41 8
3000.000 322.536 908.121 41 9
4000.000 354.559 908.318 41 10
3000.000 385.387 908.870 41 11
4000.000 417.895 909.477 41 12
3000.000 449.294 909.404 41 13
4000.000 481.261 909.518 41 14
3000.000 513.577 909.679 41 15
4000.000 545.460 909.620 41 16
3000.000 577.311 909.308 41 17
4000.000 608.574 909.414 41 18
3000.000 640.864 909.901 41 19
4000.000 673.362 910.291 41 20
3000.000 706.325 909.659 41 21
4000.000 737.442 910.219 41 22
3000.000 769.421 909.579 41 23
4000.000 800.947 909.415 41 24
3000.000 833.613 909.126 41 25
4000.000 865.642 909.656 41 26
3000.000 897.513 909.293 41 27
4000.000 929.276 908.947 41 28
3000.000 961.297 909.057 41 29
4000.000 993.162 909.140 41 30
3000.000 1024.840 908.827 41 31
4000.000 1056.896 908.260 41 32
3000.000 1087.939 908.403 41 33
4000.000 1119.926 907.485 41 34
3000.000 1151.437 907.347 41 35
4000.000 1183.650 907.487 41 36
100.000 1215.000 907.000 41 37
100.000 1247.000 907.000 41 38
 0.000  0.000  0.000 41 39
 0.000  0.000  0.000 41 40
 0.000  0.000  0.000 41 41
 0.000  0.000  0.000 41 42
 0.000  0.000  0.000 41 43
 0.000  0.000  0.000 41 44
100.000 40.000 937.000 42 0
100.000 72.000 937.000 42 1
3000.000 104.732 936.283 42 2
4000.000 135.383 936.602 42 3
3000.000 166.577 937.203 42 4
4000.000 197.752 937.752 42 5
3000.000 228.532 937.718 42 6
4000.000 259.872 939.374 42 7
3000.000 290.739 938.870 42 8
4000.000 322.568 939.746 42 9
3000.000 354.172 940.277 42 10
4000.000 386.656 940.571 42 11
3000.000 418.307 939.281 42 12
4000.000 449.353 941.483 42 13
3000.000 481.112 941.492 42 14
4000.000 513.538 941.282 42 15
3000.000 544.866 941.008 42 16
4000.000 576.601 942.286 42 17
3000.000 609.352 941.441 42 18
4000.000 641.037 941.791 42 19
3000.000 673.306 940.828 42 20
4000.000 705.003 941.388 42 21
3000.000 737.541 941.534 42 22
4000.000 769.381 941.845 42 23
3000.000 801.697 941.172 42 24
4000.000 834.211 941.605 42 25
3000.000 865.544 941.152 42 26
4000.000 897.288 941.516 42 27
3000.000 929.075 940.738 42 28
4000.000 961.144 941.186 42 29
3000.000 993.719 940.463 42 30
4000.000 1024.099 940.476 42 31
3000.000 1056.744 939.687 42 32
4000.000 1088.251 939.346 42 33
3000.000 1119.484 939.205 42 34
4000.000 1151.057 939.189 42 35
3000.000 1183.103 939.402 42 36
100.000 1215.000 940.000 42 37
100.000 1247.000 940.000 42 38
 0.000  0.000  0.000 42 39
 0.000  0.000  0.000 42 40
 0.000  0.000  0.000 42 41
 0.000  0.000  0.000 42 42
 0.000  0.000  0.000 42 43
 0.000  0.000  0.000 42 44
100.000 40.000 968.000 43 0
100.000 72.000 968.000 43 1
4000.000 104.230 968.461 43 2
3000.000 135.656 968.448 43 3
4000.000 167.730 967.903 43 4
3000.000 198.218 968.275 43 5
4000.000 229.328 969.417 43 6
3000.000 259.887 970.487 43 7
4000.000 291.567 969.967 43 8
3000.000 323.688 970.364 43 9
4000.000 354.345 971.321 43 10
3000.000 386.362 970.614 43 11
4000.000 418.279 972.376 43 12
3000.000 450.296 973.056 43 13
4000.000 482.101 972.385 43 14
3000.000 513.673 973.586 43 15
4000.000 546.015 972.924 43 16
3000.000 576.643 973.596 43 17
4000.000 609.016 973.281 43 18
3000.000 642.443 973.424 43 19
4000.000 673.383 973.990 43 20
3000.000 704.514 973.660 43 21
4000.000 737.311 973.705 43 22
3000.000 770.426 973.486 43 23
4000.000 801.183 973.459 43 24
3000.000 833.819 972.630 43 25
4000.000 865.518 972.931 43 26
3000.000 896.501 972.470 43 27
4000.000 928.442 973.271 43 28
3000.000 961.481 973.237 43 29
4000.000 992.259 971.658 43 30
3000.000 1023.563 971.769 43 31
4000.000 1055.530 971.413 43 32
3000.000 1087.337 971.289 43 33
4000.000 1119.592 970.395 43 34
3000.000 1151.668 970.910 43 35
100.000 1184.000 971.000 43 36
100.000 1216.000 971.000 43 37
100.000 1248.000 971.000 43 38
 0.000  0.000  0.000 43 39
 0.000  0.000  0.000 43 40
 0.000  0.000  0.000 43 41
 0.000  0.000  0.000 43 42
 0.000  0.000  0.000 43 43
 0.000  0.000  0.000 43 44
100.000 41.000 1000.000 44 0
100.000 73.000 1000.000 44 1
100.000 105.000 1000.000 44 2
4000.000 136.585 1000.211 44 3
3000.000 167.605 999.345 44 4
4000.000 199.137 999.722 44 5
3000.000 228.614 1000.675 44 6
4000.000 261.207 1002.200 44 7
3000.000 292.571 1002.252 44 8
4000.000 323.645 1002.434 44 9
3000.000 355.366 1002.102 44 10
4000.000 386.692 1003.299 44 11
3000.000 418.489 1003.364 44 12
4000.000 450.079 1004.168 44 13
3000.000 481.517 1004.509 44 14
4000.000 513.608 1004.454 44 15
3000.000 546.495 1004.445 44 16
4000.000 577.450 1004.662 44 17
3000.000 609.271 1004.593 44 18
4000.000 642.198 1004.814 44 19
3000.000 673.271 1004.951 44 20
4000.000 706.321 1005.365 44 21
3000.000 737.307 1005.066 44 22
4000.000 769.226 1005.280 44 23
3000.000 801.342 1004.606 44 24
4000.000 833.470 1004.445 44 25
3000.000 865.324 1004.556 44 26
4000.000 897.654 1004.670 44 27
3000.000 928.928 1003.450 44 28
4000.000 960.523 1004.509 44 29
3000.000 992.348 1002.610 44 30
4000.000 1024.289 1002.695 44 31
3000.000 1055.600 1002.667 44 32
4000.000 1087.273 1002.494 44 33
3000.000 1119.298 1002.484 44 34
100.000 1152.000 1003.000 44 35
100.000 1184.000 1003.000 44 36
100.000 1216.000 1003.000 44 37
100.000 1248.000 1003.000 44 38
 0.000  0.000  0.000 44 39
 0.000  0.000  0.000 44 40
 0.000  0.000  0.000 44 41
 0.000  0.000  0.000 44 42
 0.000  0.000  0.000 44 43
 0.000  0.000  0.000 44 44
