633.223 177.659
650.918 178.937
666.485 179.285
683.572 178.900
700.115 179.561
717.528 179.732
733.453 179.931
750.609 180.050
767.217 179.913
784.115 177.710
801.371 176.369
581.679 193.721
599.615 195.734
616.750 196.171
633.329 195.703
650.533 196.265
666.679 196.052
683.666 195.696
700.638 195.439
717.646 196.070
733.501 196.317
750.411 196.887
766.760 196.988
783.662 196.566
800.344 196.443
817.288 196.314
834.621 195.104
565.294 213.132
582.535 212.389
599.576 212.703
616.687 212.749
633.232 212.839
650.195 212.386
666.965 212.386
683.304 212.810
700.717 212.322
717.272 212.430
733.873 213.141
750.243 212.773
767.040 213.053
783.678 213.259
800.376 213.285
817.085 213.433
833.508 213.670
850.095 213.286
530.510 228.272
548.957 229.292
565.613 229.503
582.365 229.317
599.631 229.294
616.717 229.653
632.902 229.597
650.213 229.456
667.419 229.370
683.886 229.348
701.068 229.698
717.785 229.530
733.735 228.366
749.792 228.494
766.686 228.688
783.959 229.366
800.644 228.627
817.358 228.290
834.401 227.919
850.492 227.931
867.467 229.653
884.232 229.049
513.778 245.604
531.448 246.294
549.070 246.462
565.391 246.259
582.419 246.514
599.390 246.665
616.606 246.718
632.994 246.277
649.680 246.368
667.005 246.584
683.316 245.910
700.793 244.330
717.974 245.752
734.660 246.488
750.501 247.427
766.808 247.766
784.014 248.460
800.481 248.463
816.801 248.294
833.424 248.059
850.634 246.500
867.284 247.068
883.749 245.967
901.268 245.125
497.746 261.949
514.314 263.097
531.331 263.294
549.424 263.319
565.875 263.436
582.342 263.729
599.594 263.674
616.634 263.737
633.075 263.714
649.674 263.303
665.941 262.571
683.115 262.824
701.526 263.442
718.179 264.349
734.475 263.218
750.294 262.761
766.613 263.376
784.233 263.599
799.827 263.419
817.147 263.279
833.805 263.341
850.525 264.094
866.780 265.508
883.079 265.364
900.216 264.200
917.870 262.960
480.534 277.591
498.283 278.609
515.535 279.458
532.473 279.727
549.124 279.692
566.274 279.650
582.481 279.743
599.317 279.735
616.663 279.594
633.341 279.610
648.828 278.564
666.711 280.450
684.849 281.717
700.805 280.284
717.457 280.208
733.817 279.928
750.734 279.934
766.835 279.217
784.327 278.455
800.408 278.356
817.316 279.026
834.537 279.574
850.853 280.659
867.337 280.463
884.167 280.325
899.812 282.144
916.646 281.281
933.650 281.340
462.949 294.950
481.458 295.694
498.514 296.131
515.472 296.170
532.421 296.136
549.013 296.253
566.008 296.465
582.327 296.205
599.618 296.213
616.638 296.348
632.127 295.287
650.690 296.752
668.282 297.808
683.830 296.944
700.906 296.667
717.475 295.698
733.743 295.521
750.992 296.514
767.559 298.148
784.169 298.220
800.284 297.773
817.547 298.156
834.366 297.692
851.127 296.355
867.913 296.285
884.633 297.396
900.915 298.015
917.086 298.417
933.333 298.860
950.234 298.326
463.658 312.669
481.570 312.698
498.520 312.635
515.725 312.739
532.591 312.653
549.113 312.892
565.777 313.112
582.535 312.919
599.309 312.768
615.338 312.096
633.157 312.979
651.667 313.798
667.257 313.368
683.882 313.140
699.921 311.801
717.650 313.321
734.641 314.639
751.473 313.576
767.584 313.194
783.993 313.530
800.754 313.331
817.796 313.430
834.659 313.399
851.405 314.803
867.543 315.413
884.998 314.091
901.567 313.912
917.980 314.673
933.499 314.596
949.881 315.478
967.421 314.629
446.578 329.650
463.763 329.460
481.610 329.578
498.419 329.861
515.663 329.676
532.488 329.590
549.157 329.591
566.074 329.386
582.531 329.901
599.220 329.513
616.375 329.577
634.734 330.363
650.469 329.727
667.446 329.516
682.882 328.940
701.541 330.662
718.148 330.689
734.428 330.107
750.967 330.510
767.563 330.105
783.946 329.334
800.536 329.561
818.118 329.881
835.230 330.670
851.596 331.071
867.955 330.768
883.691 332.371
901.359 330.419
918.611 330.128
933.816 330.854
949.846 331.641
966.679 331.247
985.607 329.285
447.235 346.241
464.015 346.592
481.287 346.484
498.575 346.635
515.421 346.473
532.487 346.732
549.449 346.364
566.142 346.511
582.965 346.405
597.938 345.787
617.015 346.763
633.822 346.636
650.518 346.332
666.207 346.112
684.482 347.288
701.028 346.673
717.691 346.502
733.804 346.487
750.646 345.677
767.572 346.783
784.582 347.464
800.931 347.725
818.081 347.710
834.812 347.385
851.718 346.668
868.697 347.461
884.552 347.835
900.120 348.487
917.516 347.350
934.263 347.565
950.486 347.441
965.324 348.085
983.809 347.137
428.355 363.468
447.175 363.493
463.778 363.642
481.465 363.307
498.693 363.273
515.655 363.423
532.599 363.328
549.520 363.567
566.269 363.040
582.568 363.338
599.495 363.562
618.115 364.401
633.582 363.286
650.451 362.979
667.309 363.530
684.559 363.725
701.103 363.312
717.305 362.438
734.043 363.063
751.341 363.315
767.479 363.986
784.818 364.152
801.228 364.308
817.835 364.417
834.454 364.216
851.264 364.312
868.956 363.280
884.311 364.085
900.732 363.817
916.208 364.543
934.576 363.444
950.293 364.062
966.335 363.844
983.439 364.323
429.689 380.336
446.708 380.378
464.066 380.628
481.261 380.338
498.615 380.136
515.691 379.991
532.358 380.120
548.694 379.828
566.570 379.676
581.872 379.705
600.542 379.848
616.789 380.842
633.287 380.271
648.589 379.500
668.337 380.730
684.497 379.481
700.629 379.617
717.659 379.625
734.600 380.247
751.268 380.384
768.332 382.012
785.231 381.271
801.264 381.386
817.727 381.995
834.236 381.339
851.368 380.425
867.897 380.522
885.291 379.508
900.994 380.592
917.343 380.359
933.457 380.416
951.491 380.309
967.259 381.019
982.377 381.542
1001.733 381.636
429.718 396.468
447.091 396.999
464.292 397.145
481.540 397.378
498.698 397.413
515.401 396.940
532.547 396.791
548.822 396.887
566.124 396.515
581.563 396.528
601.574 396.611
616.535 396.611
633.668 396.627
650.012 396.597
667.513 397.592
684.008 396.605
699.666 396.557
717.961 397.316
735.104 396.530
752.702 397.779
768.058 397.066
784.808 397.208
801.382 396.997
818.246 397.053
834.490 397.034
850.593 398.202
868.022 396.628
884.544 397.277
901.706 396.899
917.541 397.453
932.644 398.694
951.722 397.364
967.221 397.558
982.966 397.657
1000.075 397.833
412.919 413.448
429.819 413.627
447.472 413.330
464.632 413.464
481.282 413.829
498.131 414.019
515.421 413.983
532.276 413.703
548.903 413.989
565.869 413.406
581.715 413.561
602.351 413.600
616.882 413.718
633.248 413.233
651.258 413.728
666.946 413.487
684.151 413.505
700.725 413.506
717.279 413.331
736.324 414.049
751.902 413.713
768.307 413.794
784.845 413.919
801.398 413.638
818.090 413.497
834.540 413.561
851.410 413.848
867.594 413.947
884.390 413.843
902.339 413.574
917.546 414.259
933.316 414.627
951.634 414.167
967.164 414.614
983.404 414.562
1000.594 414.511
412.848 430.619
430.320 430.258
447.350 430.395
464.722 430.417
481.451 430.269
498.644 430.553
515.575 430.691
532.238 430.628
549.142 430.694
565.820 430.591
581.776 430.303
601.612 430.926
617.114 430.370
632.550 430.306
651.436 430.303
667.560 430.372
684.082 430.489
700.905 430.617
717.822 430.709
735.890 430.631
751.933 430.757
768.667 430.419
784.450 430.579
801.004 430.508
818.121 430.575
834.647 430.609
851.391 430.367
866.651 430.511
884.719 430.710
902.351 430.272
917.833 430.606
934.118 430.820
950.651 431.126
966.869 431.582
983.763 430.724
1000.414 431.702
413.295 447.705
430.423 447.277
447.487 447.339
464.486 447.067
481.517 447.449
498.526 446.658
515.299 447.325
532.154 447.276
549.139 447.215
565.527 447.335
581.665 447.316
601.292 447.538
616.840 447.395
632.699 447.252
651.646 447.734
667.112 447.390
683.941 447.508
700.892 447.561
718.115 447.360
735.574 447.636
751.956 447.496
768.312 447.469
784.390 447.484
801.408 447.526
817.933 447.356
834.285 447.354
851.107 447.203
866.591 447.373
884.982 446.889
902.260 447.010
918.103 447.015
934.332 447.214
950.949 447.510
967.138 447.779
984.389 447.916
1000.670 448.343
413.129 464.262
430.131 464.167
447.539 464.498
464.500 463.980
481.256 464.450
498.312 464.145
515.361 464.352
531.949 464.080
549.091 464.143
565.575 464.124
581.518 464.099
601.642 463.992
616.603 463.908
633.285 463.986
651.187 464.098
667.648 464.265
684.559 464.683
700.400 464.964
717.567 464.433
735.930 463.828
751.842 464.130
768.262 463.913
784.861 463.811
801.408 464.131
817.332 463.873
834.604 464.148
851.560 464.073
866.705 463.575
884.757 463.997
902.912 464.412
918.373 464.528
934.100 464.301
951.587 464.539
967.751 464.483
984.036 464.761
1000.592 464.548
413.486 481.244
430.641 481.145
447.348 480.811
464.460 480.863
481.363 480.562
498.343 480.995
515.502 480.942
532.043 481.379
549.001 481.094
565.478 480.422
581.366 480.754
601.408 480.692
617.214 480.673
634.014 480.885
650.365 480.868
667.664 480.854
684.307 480.801
717.509 481.175
735.354 480.533
752.091 480.761
768.276 480.643
784.984 480.610
801.356 480.404
817.668 481.193
834.582 481.168
850.847 480.514
867.935 480.977
884.518 480.994
903.114 481.430
918.708 481.025
933.367 481.015
952.305 481.533
967.768 481.245
984.066 481.538
1001.219 481.589
413.173 498.407
429.919 498.015
447.373 497.816
464.009 497.957
481.309 498.215
498.294 498.088
515.280 498.244
532.340 498.041
548.430 498.211
565.706 497.986
581.616 497.828
600.254 497.434
616.953 497.402
633.929 497.281
649.414 497.575
668.690 497.450
717.650 497.947
734.665 497.393
752.229 496.372
768.412 497.158
784.970 497.634
801.630 497.323
818.222 497.694
833.934 497.432
850.794 497.430
868.284 497.936
884.905 498.530
901.523 498.572
917.949 498.432
933.175 497.602
952.692 498.375
967.895 498.189
982.950 498.426
1001.408 498.640
1018.957 498.571
413.172 515.012
430.189 515.122
447.016 515.226
464.131 515.042
481.341 514.844
498.545 514.867
515.557 514.726
532.534 514.603
548.591 515.033
566.307 514.757
582.279 514.727
599.727 514.669
617.584 514.342
633.935 514.346
650.074 514.466
667.887 513.749
684.623 514.598
716.420 515.337
734.669 514.547
751.503 514.459
768.330 514.308
785.552 513.346
801.338 513.299
818.234 513.472
834.339 514.722
851.556 514.817
868.686 515.070
885.445 515.965
901.758 515.077
917.530 514.676
934.548 514.889
951.715 515.162
968.347 514.481
983.437 514.450
1002.594 515.633
1018.621 514.424
412.746 532.355
429.855 532.075
447.119 531.859
464.675 531.804
481.113 532.019
498.428 531.622
515.500 531.678
532.658 531.570
548.845 531.382
566.025 531.196
582.680 531.461
598.518 532.420
617.603 531.439
633.721 531.502
650.584 531.030
666.524 531.785
686.070 530.146
701.162 530.541
717.414 530.825
733.520 532.441
751.502 531.432
768.673 531.604
785.282 531.276
801.691 531.326
818.144 531.453
834.613 531.414
852.235 532.000
869.086 532.241
885.078 531.735
901.206 531.562
917.014 530.944
935.569 532.488
951.537 531.554
967.881 531.550
984.386 531.524
1002.396 532.365
1018.847 531.786
413.117 548.967
430.108 548.631
447.289 548.939
464.677 548.667
481.487 548.359
498.400 548.613
515.313 548.420
532.583 548.609
548.772 548.558
566.000 548.516
582.497 548.307
598.704 548.733
616.232 548.415
634.200 547.449
650.562 548.138
667.191 548.496
684.557 548.028
702.373 546.281
717.892 547.576
734.664 547.685
751.630 548.341
767.962 549.246
784.982 548.664
801.504 548.830
818.262 549.630
834.885 549.232
851.856 548.470
868.662 547.823
885.241 547.375
900.373 546.923
919.583 548.999
934.831 547.964
951.309 548.436
966.687 547.547
985.713 548.379
1001.394 548.217
1019.243 547.949
412.873 565.346
429.678 565.530
447.140 565.559
464.004 565.590
481.114 565.221
498.351 565.124
515.451 564.675
532.359 564.900
548.668 564.842
565.304 564.645
582.843 564.548
599.432 564.863
614.960 565.739
633.641 564.395
650.488 564.294
668.150 564.568
684.426 564.638
700.738 564.917
718.327 563.300
734.484 564.467
752.456 564.556
768.674 564.318
785.349 564.302
801.876 564.374
818.174 564.716
834.378 564.564
851.997 564.386
867.922 564.161
884.451 563.580
902.403 565.284
918.304 564.705
934.780 564.401
950.260 563.586
968.516 564.513
985.276 565.485
1001.641 564.594
412.382 582.016
429.764 582.046
446.577 581.913
464.082 581.965
480.790 581.987
498.339 581.678
515.195 581.392
532.645 581.146
549.120 581.481
565.763 581.489
583.114 581.396
599.096 581.388
616.539 581.658
632.421 582.397
651.381 580.955
667.624 581.160
684.625 580.936
701.119 580.803
717.622 582.519
734.762 580.725
751.976 580.008
768.763 580.063
784.935 580.521
802.528 580.335
818.565 580.596
834.323 580.155
850.993 579.643
868.316 581.231
885.929 582.708
901.399 581.318
918.664 580.783
934.585 580.564
951.055 580.943
969.505 582.328
984.380 581.570
1001.720 581.491
411.912 598.839
429.444 598.799
446.957 598.356
463.703 598.241
481.200 597.809
498.715 597.529
515.219 597.963
531.780 597.592
548.669 597.324
565.983 597.423
582.407 597.480
599.587 598.081
616.830 598.574
633.468 598.933
649.559 599.307
667.087 597.342
683.847 597.598
701.192 597.553
718.609 597.362
734.594 598.119
751.440 599.265
768.231 598.321
784.706 598.058
802.010 597.557
818.747 597.424
835.342 598.541
852.241 598.420
868.601 597.980
884.640 597.463
901.610 597.728
917.574 596.593
934.328 597.529
953.035 598.488
968.303 597.888
984.861 598.512
1002.264 598.526
429.552 615.139
446.320 614.462
463.407 614.498
480.754 614.535
498.266 614.611
515.547 614.197
531.588 614.560
548.364 614.354
565.962 614.660
582.873 614.478
599.902 614.603
617.144 614.711
634.989 614.167
648.304 614.478
665.514 615.548
684.534 614.285
701.369 613.605
718.250 614.376
734.960 614.433
751.661 614.599
768.611 614.415
785.053 614.280
801.679 614.255
818.431 613.975
834.771 613.932
851.469 614.235
868.525 614.207
884.718 614.350
900.603 612.910
918.309 614.251
935.654 615.589
952.006 614.328
968.562 614.642
985.169 614.908
1002.676 614.573
429.639 631.321
446.730 631.517
463.697 631.366
481.087 630.802
498.117 630.908
515.075 631.069
532.169 631.367
549.039 631.664
565.902 631.615
582.974 631.316
599.979 631.412
617.031 631.489
633.699 630.716
649.971 630.354
666.660 631.203
683.279 632.402
700.907 631.388
718.649 630.528
734.923 629.621
751.664 630.274
768.552 630.952
785.344 631.205
801.383 631.150
817.979 630.761
834.472 630.494
851.041 629.753
868.116 629.504
885.184 630.715
901.656 631.670
918.825 631.736
934.934 630.685
951.548 631.276
968.514 630.921
985.693 630.763
1004.011 631.548
446.697 647.976
463.594 647.909
480.926 648.286
498.486 647.721
515.094 648.150
532.229 647.917
549.208 648.075
565.872 648.625
582.823 648.508
600.142 648.185
616.740 647.987
633.239 648.476
650.519 648.247
666.974 648.390
684.201 648.233
700.271 648.315
718.069 649.134
734.586 648.164
751.537 648.026
768.721 647.703
784.827 646.842
801.269 647.133
817.732 647.399
834.590 647.439
851.300 647.873
868.961 648.403
886.051 648.577
901.176 646.951
918.149 647.437
935.269 647.530
952.301 647.662
968.444 647.661
985.305 647.275
446.315 664.669
463.372 664.955
480.836 664.816
497.900 665.033
515.334 664.876
532.108 664.934
549.410 665.553
565.977 665.060
582.555 665.444
599.381 665.727
616.447 664.909
633.597 664.867
650.318 664.880
666.773 665.051
683.894 665.007
700.622 665.085
717.833 664.592
734.977 664.695
751.669 664.664
768.505 665.529
784.507 666.104
801.545 665.973
818.264 665.760
834.775 665.574
851.597 664.599
868.357 664.544
885.291 663.475
901.788 663.458
918.581 664.057
935.283 664.114
951.891 664.329
968.553 664.307
985.910 666.343
463.660 681.682
480.675 681.721
497.600 681.664
515.321 681.801
532.322 681.965
549.669 682.340
565.773 682.092
583.039 682.200
599.565 681.914
616.908 681.424
633.669 682.008
650.634 681.627
667.158 681.881
683.397 682.153
700.337 681.528
717.557 681.431
734.901 681.382
751.517 680.934
768.421 681.475
784.680 681.208
801.389 681.135
818.648 680.828
834.680 681.288
851.511 681.155
868.184 681.026
884.804 681.068
901.550 680.818
918.286 680.932
935.328 681.251
951.874 680.723
968.750 681.275
463.317 698.515
480.549 698.572
498.017 698.723
515.595 699.032
532.401 699.117
549.008 698.609
565.831 698.542
583.173 698.385
599.556 698.477
616.499 698.604
633.750 698.308
650.524 698.395
667.246 698.425
683.674 698.475
700.354 698.305
717.502 698.476
734.743 698.674
751.956 698.011
768.882 697.915
784.693 698.366
801.555 698.073
817.971 698.546
834.737 697.980
851.399 697.529
868.294 697.313
885.408 697.850
901.707 697.938
918.525 697.550
935.366 697.314
952.299 697.657
969.777 700.213
481.036 715.697
498.669 715.670
515.513 715.639
532.338 715.652
548.992 715.581
566.527 715.419
582.949 715.347
599.365 714.660
616.478 714.919
633.361 715.086
650.354 715.286
667.124 715.181
683.326 715.000
700.443 714.893
717.264 714.834
734.551 714.511
751.373 714.334
768.642 714.497
784.383 714.833
801.715 714.586
817.906 714.382
834.307 714.352
851.547 714.282
868.138 714.613
884.704 714.867
901.578 714.707
918.585 714.547
935.020 714.438
953.443 715.313
479.628 734.312
498.438 732.743
515.276 732.389
531.862 732.321
548.813 732.498
565.979 731.479
582.621 731.322
599.323 731.923
616.736 731.701
633.460 731.704
650.333 731.703
666.966 731.613
683.178 731.593
700.509 731.399
717.295 731.361
734.325 731.162
751.595 731.210
768.495 731.124
785.049 731.663
801.271 731.110
818.479 731.019
834.236 731.165
851.152 730.685
868.520 730.577
884.907 730.526
901.457 731.518
918.572 730.377
935.929 731.858
515.076 749.342
531.556 748.664
548.722 748.562
565.326 748.673
582.578 748.536
600.290 748.669
616.631 748.405
633.247 748.401
650.854 748.060
666.776 748.177
683.526 748.159
700.608 747.873
717.560 747.683
734.067 747.918
750.747 747.911
768.625 747.693
785.114 747.556
801.714 747.464
818.475 747.414
834.773 747.312
850.677 747.619
867.833 747.783
884.336 747.621
901.769 747.426
919.171 747.804
531.773 765.556
548.699 765.472
565.340 764.884
582.654 764.873
599.710 764.703
616.686 764.914
633.505 764.418
650.921 764.416
666.590 764.473
683.292 764.367
700.439 764.043
717.390 764.378
733.515 764.569
750.852 764.519
768.228 764.314
785.166 763.849
801.689 764.279
818.223 764.206
834.466 764.100
850.990 763.996
867.713 764.364
884.540 764.420
902.165 764.343
547.644 782.352
565.191 781.435
582.483 781.059
599.427 781.352
616.655 781.061
633.601 781.210
650.181 781.191
667.074 780.809
683.280 781.334
700.328 781.178
717.204 780.927
733.867 781.074
750.857 780.659
767.837 780.627
785.317 780.715
801.342 780.391
818.324 780.395
834.355 780.651
851.548 780.498
868.089 780.741
886.360 783.048
582.652 799.288
599.574 797.790
616.334 797.968
633.692 797.870
650.583 797.715
667.416 797.360
683.700 797.551
700.242 797.655
717.478 797.436
733.855 797.446
750.813 797.701
767.693 797.460
785.339 797.314
801.235 796.958
817.738 796.615
834.602 797.196
853.697 801.225
616.248 816.399
633.070 814.841
650.720 814.480
667.141 813.996
683.510 814.300
700.372 814.188
717.448 814.192
733.833 813.909
751.039 813.630
767.646 814.173
785.482 813.918
801.192 814.329
819.733 818.345
683.563 832.968
700.657 832.751
716.795 833.459
733.852 831.894
751.544 833.213
767.482 833.936

